CONTOUR

1

1528

641.193 1172.46
643.462 1172.5
645.647 1171.89
647.496 1170.55
649.131 1168.96
650.08 1166.9
651.065 1164.83
652.457 1163.01
653.984 1161.31
655.689 1159.74
657.776 1158.74
659.896 1157.85
662.07 1157.12
664.003 1155.82
665.953 1154.58
667.873 1153.34
669.517 1151.73
671.35 1150.38
673.058 1148.95
674.641 1147.45
676.139 1145.88
677.486 1144.18
679.181 1142.81
680.247 1140.9
681.774 1139.32
682.97 1137.5
684.056 1135.58
685.242 1133.71
686.951 1132.29
688.817 1131.1
690.988 1130.64
693.22 1130.45
695.43 1130.07
697.546 1129.35
699.296 1127.87
701.14 1126.57
703.138 1125.5
704.909 1124.13
706.512 1122.58
708.137 1121.05
709.643 1119.38
711.278 1117.8
712.913 1116.27
714.429 1114.64
715.97 1113.03
717.369 1111.28
718.492 1109.31
719.785 1107.46
721.294 1105.72
722.322 1103.67
723.515 1101.74
724.609 1099.75
725.383 1097.61
725.956 1095.37
726.937 1093.28
728.043 1091.24
728.909 1089.11
729.176 1086.84
729.045 1084.55
728.293 1082.39
727.393 1080.3
725.84 1078.66
724.453 1076.91
722.879 1075.37
721.1 1074.1
719.162 1073.07
717.255 1071.95
715.19 1071.24
713.282 1070.2
711.343 1069.25
709.547 1068.07
708.013 1066.58
706.586 1065.01
705.438 1063.22
704.412 1061.36
703.503 1059.45
703.102 1057.39
703.127 1055.3
703.197 1053.21
703.388 1051.14
703.879 1049.15
705.06 1047.46
706.424 1045.93
708.297 1045.21
710.291 1044.93
712.309 1044.83
714.331 1044.82
716.347 1044.78
718.356 1044.68
720.353 1044.42
722.36 1044.2
724.366 1043.91
726.379 1043.64
728.408 1043.52
730.444 1043.49
732.485 1043.5
734.525 1043.39
736.551 1043.09
738.586 1042.82
740.628 1042.61
742.671 1042.42
744.702 1042.13
746.734 1041.81
748.775 1041.56
750.825 1041.39
752.879 1041.21
754.947 1041.04
756.992 1040.63
758.996 1039.99
761.031 1039.55
763.115 1039.38
765.199 1039.15
767.226 1038.58
769.243 1037.95
771.334 1037.72
773.434 1037.61
775.529 1037.46
777.584 1037.1
779.483 1036.24
780.796 1034.63
781.404 1032.62
781.672 1030.53
781.74 1028.41
781.749 1026.3
781.739 1024.18
781.695 1022.08
781.652 1019.98
781.565 1017.88
781.36 1015.79
781.181 1013.69
781.788 1011.73
783.328 1010.31
785.145 1009.25
787.007 1008.31
788.995 1007.66
791.026 1007.09
792.796 1005.96
794.776 1005.43
796.792 1004.97
798.797 1004.47
800.735 1003.78
802.627 1002.97
804.549 1002.22
806.514 1001.64
808.509 1001.19
810.469 1000.54
812.437 999.877
814.459 999.383
816.377 998.639
818.266 997.748
820.31 997.413
822.341 997.074
824.259 996.314
826.148 995.44
828.081 994.662
830.091 994.145
832.131 993.747
834.211 993.595
836.298 993.532
838.384 993.439
840.447 993.127
842.459 992.523
844.487 991.921
846.565 991.912
848.488 992.811
850.359 993.823
851.922 995.262
853.049 997.095
854.284 998.859
855.796 1000.41
857.548 1001.72
859.491 1002.73
861.491 1003.65
863.611 1004.26
865.794 1004.56
867.993 1004.76
870.171 1005.09
872.292 1005.72
874.374 1006.53
876.475 1007.28
878.693 1007.49
880.935 1007.44
883.16 1007.16
885.258 1006.31
887.381 1005.53
889.456 1004.66
891.424 1003.57
893.373 1002.45
895.387 1001.44
896.996 999.917
898.196 998.061
899.414 996.242
900.328 994.252
900.72 992.106
900.785 989.926
900.77 987.748
900.751 985.575
900.724 983.408
900.721 981.249
900.721 979.096
900.718 976.949
900.724 974.807
900.781 972.67
900.914 970.553
901.201 968.454
901.64 966.387
901.844 964.29
901.911 962.174
901.887 960.059
901.808 957.955
901.699 955.859
901.567 953.768
901.295 951.693
900.905 949.632
900.823 947.541
900.938 945.45
901.349 943.393
901.942 941.392
903.061 939.613
904.335 937.935
905.374 936.103
906.302 934.22
907.296 932.374
908.312 930.527
909.048 928.566
909.608 926.545
909.851 924.46
909.867 922.351
909.667 920.25
909.269 918.167
908.998 916.067
908.758 913.959
908.359 911.882
907.601 909.904
906.738 907.966
906.148 905.936
905.632 903.892
905.117 901.851
904.577 899.806
904.254 897.717
904.557 895.631
905.312 893.631
905.944 891.601
907.204 889.912
909.031 888.768
910.86 887.597
912.987 887.393
915.151 887.369
917.318 887.251
919.418 886.705
921.387 885.725
923.494 885.17
925.566 884.449
927.593 883.542
929.582 882.543
931.436 881.359
932.989 879.759
934.371 878.054
935.718 876.327
936.933 874.515
937.688 872.476
938.72 870.561
939.79 868.668
940.763 866.727
941.504 864.697
942.309 862.678
943.147 860.646
943.432 858.505
943.463 856.351
943.366 854.199
943.072 852.068
942.289 850.039
941.854 847.94
941.719 845.817
941.66 843.696
941.542 841.586
941.237 839.501
940.84 837.437
940.675 835.352
940.549 833.271
940.248 831.213
939.889 829.175
939.589 827.129
939.283 825.089
938.862 823.071
938.56 821.025
938.335 818.981
938.096 816.949
937.789 814.936
937.646 812.902
937.592 810.868
937.515 808.837
937.331 806.813
937.192 804.784
936.932 802.766
936.296 800.821
935.736 798.863
935.547 796.84
935.428 794.813
935.315 792.787
935.108 790.777
934.502 788.839
933.914 786.901
933.63 784.901
933.233 782.928
932.927 780.929
932.793 778.914
932.635 776.906
932.333 774.916
932.113 772.91
931.953 770.899
931.8 768.888
931.603 766.884
931.436 764.873
931.289 762.863
931.159 760.854
931.014 758.849
930.839 756.843
930.659 754.847
930.474 752.857
930.22 750.877
930.039 748.883
929.935 746.885
929.776 744.891
929.409 742.919
929.229 740.917
929.156 738.902
929.095 736.879
929.036 734.856
928.957 732.845
928.855 730.833
928.744 728.821
928.648 726.807
928.314 724.816
927.876 722.84
927.644 720.837
927.504 718.826
927.436 716.807
927.38 714.79
927.283 712.776
926.98 710.78
926.746 708.777
926.605 706.761
926.564 704.739
926.812 702.724
927.113 700.711
926.859 698.725
926.112 696.808
925.836 694.803
925.735 692.78
925.629 690.76
925.427 688.751
924.927 686.787
924.583 684.79
924.422 682.768
924.342 680.738
924.259 678.719
924.151 676.717
923.959 674.715
923.631 672.723
923.202 670.744
922.868 668.745
922.641 666.736
922.435 664.733
922.138 662.746
921.94 660.748
921.81 658.741
921.623 656.734
921.266 654.749
921.097 652.748
921.01 650.736
920.839 648.723
920.585 646.716
920.218 644.721
919.797 642.729
919.445 640.72
919.114 638.709
918.617 636.73
918.1 634.757
917.88 632.738
917.801 630.712
917.746 628.694
917.651 626.68
917.469 624.672
917.043 622.694
916.75 620.691
916.654 618.659
916.627 616.618
916.652 614.579
916.546 612.549
916.305 610.517
915.92 608.493
915.396 606.499
915.12 604.477
915.302 602.446
916.004 600.528
917.156 598.803
917.932 596.867
919.073 595.116
920.049 593.293
921.081 591.481
921.671 589.483
922.357 587.533
923.295 585.67
924.299 583.833
925.246 581.953
925.69 579.915
926.293 577.915
927.186 575.992
927.419 573.907
927.543 571.821
927.701 569.74
927.821 567.641
927.815 565.548
927.825 563.46
927.799 561.374
927.765 559.29
927.685 557.208
927.55 555.132
927.415 553.059
927.018 551.033
926.19 549.1
925.747 547.082
925.592 545.03
925.489 542.979
925.404 540.908
925.321 538.837
925.136 536.774
924.68 534.758
924.304 532.731
923.84 530.721
923.22 528.748
922.601 526.787
922.268 524.766
922.035 522.736
921.775 520.714
921.355 518.723
921.041 516.698
920.446 514.734
919.854 512.77
919.659 510.737
919.48 508.698
919.155 506.688
918.524 504.748
917.961 502.8
917.791 500.775
917.705 498.742
917.504 496.721
916.99 494.752
916.569 492.758
916.199 490.751
915.672 488.777
915.078 486.82
914.672 484.814
914.416 482.79
914.305 480.754
914.294 478.716
914.065 476.689
913.716 474.668
913.55 472.636
913.587 470.611
913.8 468.595
914.17 466.584
914.466 464.548
914.605 462.491
914.755 460.421
914.991 458.346
915.218 456.255
915.338 454.147
915.345 452.025
915.29 449.894
915.179 447.755
914.951 445.609
914.719 443.459
914.561 441.305
914.513 439.141
914.479 436.959
914.391 434.775
914.097 432.606
913.318 430.551
912.23 428.617
911.279 426.621
910.148 424.7
909.248 422.661
908.521 420.527
907.283 418.679
905.744 417.075
904.14 415.486
902.662 413.816
900.976 412.398
899.337 410.867
897.699 409.381
896.276 407.694
895.163 405.803
893.528 404.313
892.2 402.59
890.946 400.815
889.964 398.899
889.769 396.775
890.11 394.646
890.448 392.513
890.474 390.367
890.487 388.232
890.551 386.108
890.656 383.99
890.861 381.887
891.23 379.81
891.676 377.754
892.105 375.704
892.428 373.632
892.634 371.553
892.857 369.489
893.243 367.456
893.521 365.407
893.667 363.348
893.885 361.296
894.507 359.322
895.161 357.344
895.449 355.298
895.833 353.266
896.501 351.275
896.972 349.268
897.235 347.222
897.51 345.178
898.024 343.175
898.529 341.164
899.111 339.167
899.873 337.231
900.766 335.342
901.37 333.346
901.731 331.301
902.418 329.334
903.245 327.396
903.693 325.333
904.497 323.384
905.266 321.436
905.818 319.408
906.465 317.411
907.08 315.399
907.736 313.391
908.349 311.367
908.84 309.307
909.3 307.239
909.831 305.201
911.061 303.422
911.655 301.383
912.504 299.441
913.301 297.495
913.879 295.464
914.676 293.493
915.656 291.588
916.523 289.641
917.211 287.639
917.755 285.592
918.518 283.619
919.319 281.642
919.919 279.588
921.122 277.785
921.852 275.805
922.537 273.807
923.169 271.787
923.761 269.756
924.457 267.758
925.105 265.751
925.587 263.713
926.25 261.721
927.212 259.826
927.54 257.746
927.952 255.681
929.118 253.875
929.606 251.86
930.023 249.821
930.493 247.778
931.002 245.746
931.657 243.76
932.323 241.79
932.974 239.832
933.474 237.827
933.642 235.762
933.874 233.706
934.485 231.721
935.194 229.772
935.409 227.722
935.559 225.661
935.811 223.61
936.368 221.62
936.865 219.618
937.127 217.585
937.348 215.553
937.635 213.546
937.98 211.538
938.338 209.519
938.532 207.477
938.665 205.434
938.857 203.396
939.111 201.362
939.27 199.321
939.371 197.266
939.519 195.213
939.714 193.165
939.923 191.12
940.026 189.067
940.043 187.01
940.075 184.951
940.185 182.894
940.221 180.843
940.203 178.789
940.209 176.733
940.241 174.674
940.254 172.615
940.255 170.551
940.188 168.485
939.905 166.418
939.703 164.328
939.568 162.224
939.467 160.112
939.311 157.999
939.04 155.892
938.756 153.785
938.505 151.673
938.286 149.541
938.098 147.411
937.844 145.291
937.387 143.201
936.604 141.2
935.714 139.227
935.231 137.104
934.263 135.148
933.51 133.097
932.781 131.06
931.498 129.298
930.188 127.528
928.921 125.743
927.252 124.357
925.354 123.244
923.381 122.33
921.286 121.787
919.142 121.369
916.985 121.16
914.825 121.09
912.664 121.093
910.51 121.112
908.362 121.116
906.221 121.084
904.083 121.045
901.953 120.935
899.828 120.88
897.709 120.899
895.599 120.976
893.498 121.038
891.403 121.082
889.318 121.095
887.24 121.121
885.167 121.148
883.1 121.175
881.041 121.162
878.985 121.116
876.926 121.102
874.87 121.124
872.82 121.139
870.778 121.196
868.746 121.298
866.72 121.424
864.702 121.635
862.742 122.197
860.741 122.615
858.744 123.071
856.766 123.637
854.787 124.19
852.766 124.556
850.738 124.835
848.706 125
846.67 124.985
844.64 124.734
842.661 124.191
840.836 123.225
839.082 122.09
837.078 121.576
835.041 121.255
833.087 120.608
831.245 119.617
829.337 118.719
827.385 117.955
825.351 117.472
823.294 116.996
821.317 116.271
819.427 115.304
817.503 114.435
815.516 113.751
813.478 113.221
811.495 112.485
809.486 111.779
807.465 111.084
805.691 109.827
803.715 109.072
801.716 108.384
799.715 107.682
797.711 106.979
795.723 106.263
793.712 105.606
791.728 104.84
789.844 103.837
787.774 103.3
785.858 102.358
783.884 101.602
781.855 101.019
779.812 100.479
777.824 99.7281
775.896 98.8185
773.921 98.0711
771.842 97.7809
769.753 97.5555
767.708 97.1013
765.802 96.1647
763.826 95.4723
761.864 94.7532
759.928 93.9327
757.911 93.486
755.873 93.1225
753.847 92.6899
751.796 92.4393
749.745 92.2582
747.713 91.9211
745.707 91.4258
743.706 90.9249
741.678 90.5314
739.63 90.3074
737.593 90.0908
735.584 89.7237
733.566 89.4355
731.528 89.3023
729.49 89.1045
727.501 88.599
725.551 87.9325
723.524 87.6982
721.485 87.6074
719.448 87.5361
717.409 87.4246
715.399 87.076
713.479 86.3306
711.524 85.7497
709.511 85.5039
707.485 85.4385
705.464 85.3583
703.45 85.1735
701.432 84.963
699.406 84.8397
697.381 84.704
695.367 84.4399
693.362 84.1581
691.36 83.8536
689.367 83.4938
687.393 83.0395
685.385 82.71
683.361 82.5252
681.345 82.3068
679.363 81.8661
677.361 81.6
675.35 81.5
673.339 81.4598
671.332 81.4542
669.323 81.425
667.312 81.3504
665.294 81.2578
663.272 81.2348
661.251 81.2153
659.23 81.1428
657.207 81.0805
655.184 81.0621
653.159 81.0723
651.135 81.0771
649.111 81.0958
647.087 81.1613
645.063 81.178
643.036 81.1327
641.006 81.1128
638.979 81.0278
636.988 80.6091
635.032 80.0159
633.002 79.8666
630.955 79.848
628.909 79.8814
626.885 80.1242
624.905 80.6267
622.916 81.0708
620.89 81.1651
618.86 81.1586
616.829 81.1368
614.8 81.0943
612.771 81.1151
610.748 81.1975
608.727 81.2751
606.71 81.3137
604.688 81.3602
602.672 81.4258
600.662 81.5668
598.676 81.9461
596.667 82.2122
594.643 82.3495
592.612 82.4184
590.582 82.5148
588.555 82.7281
586.544 83.1222
584.536 83.574
582.517 83.9251
580.49 84.1874
578.46 84.4109
576.429 84.6259
574.413 84.9431
572.377 85.1375
570.328 85.2826
568.288 85.565
566.355 86.2576
564.439 87.0411
562.423 87.4629
560.358 87.6055
558.299 87.6672
556.274 87.9598
554.38 88.8337
552.387 89.3751
550.385 89.8694
548.39 90.3648
546.409 90.9797
544.498 91.8289
542.545 92.5313
540.493 92.8146
538.414 92.9344
536.348 93.1603
534.312 93.5718
532.263 93.9478
530.279 94.6456
528.251 95.2312
526.184 95.6065
524.103 95.958
522.154 96.8099
520.134 97.3966
518.069 97.8086
516.034 98.3544
514.021 99.0305
512.009 99.6922
509.955 100.298
507.853 100.681
505.747 101.038
503.663 101.505
501.614 102.105
499.709 103.126
497.802 104.129
495.872 105.117
493.829 105.77
491.808 106.505
489.795 107.298
487.732 107.927
485.648 108.476
483.591 109.103
481.574 109.852
479.764 111.106
477.796 112.028
475.743 112.735
473.66 113.301
471.599 113.925
469.669 114.902
467.789 115.983
465.811 116.824
463.778 117.536
461.878 118.523
460.117 119.745
458.328 120.925
456.318 121.647
454.371 122.524
452.525 123.594
450.674 124.631
448.811 125.617
447.082 126.868
445.218 127.948
443.709 129.511
441.978 130.743
440.225 131.968
438.537 133.249
436.514 133.718
434.426 133.791
432.366 133.547
430.424 132.809
428.56 131.879
426.743 130.843
424.822 130.084
422.849 129.445
420.849 128.875
418.899 128.088
416.86 127.6
414.802 127.269
412.724 126.98
410.684 126.497
408.658 125.968
406.594 125.631
404.501 125.518
402.413 125.452
400.333 125.363
398.258 125.2
396.179 125.098
394.096 125.003
392.006 124.937
389.91 125
387.813 125.073
385.717 125.177
383.621 125.32
381.519 125.418
379.411 125.432
377.298 125.429
375.181 125.426
373.066 125.44
370.94 125.486
368.806 125.595
366.701 125.99
364.672 126.756
362.586 127.322
360.431 127.549
358.266 127.683
356.102 127.951
354.046 128.682
351.989 129.398
349.975 130.216
348.088 131.26
346.335 132.537
344.631 133.872
343.329 135.646
341.976 137.405
340.93 139.298
339.893 141.204
338.709 143.052
337.722 144.989
337.267 147.092
336.688 149.168
335.855 151.181
335.544 153.312
335.35 155.451
335.076 157.568
334.617 159.658
334.255 161.759
334.032 163.87
333.934 165.984
333.866 168.09
333.799 170.204
333.699 172.304
333.608 174.393
333.467 176.475
333.421 178.556
333.418 180.634
333.412 182.708
333.393 184.774
333.388 186.835
333.388 188.894
333.39 190.95
333.388 193.006
333.391 195.058
333.406 197.109
333.508 199.155
333.708 201.2
333.814 203.253
333.884 205.316
333.924 207.385
334.087 209.423
334.545 211.428
335.062 213.425
335.121 215.475
335.074 217.519
335.206 219.558
335.394 221.597
335.711 223.623
336.091 225.634
336.379 227.669
336.619 229.719
337.1 231.73
337.523 233.733
337.842 235.771
338.262 237.801
338.709 239.827
339.197 241.844
339.766 243.846
340.342 245.843
340.973 247.83
341.527 249.849
342.206 251.82
343.099 253.723
343.644 255.721
343.986 257.798
344.793 259.756
345.475 261.745
346.216 263.717
346.985 265.683
347.699 267.674
348.415 269.658
349.2 271.619
349.772 273.659
350.517 275.637
351.248 277.634
351.675 279.719
352.371 281.734
353.106 283.728
353.613 285.775
354.454 287.728
355.322 289.67
356.034 291.67
356.622 293.705
357.41 295.669
358.276 297.605
359.273 299.492
359.688 301.582
360.294 303.623
361.262 305.542
361.785 307.593
362.394 309.623
363.21 311.601
364.037 313.572
364.722 315.594
365.299 317.639
365.874 319.68
366.86 321.6
367.524 323.621
368.158 325.656
369.144 327.578
369.76 329.623
370.428 331.639
371.219 333.618
371.853 335.654
372.44 337.706
373.099 339.727
373.782 341.736
374.873 343.601
375.543 345.646
376.232 347.676
377.181 349.594
377.907 351.591
378.723 353.567
379.727 355.461
380.619 357.396
381.295 359.41
381.825 361.463
382.648 363.414
383.411 365.4
383.957 367.464
384.904 369.381
385.398 371.406
385.744 373.47
386.603 375.398
387.662 377.234
388.445 379.181
388.944 381.21
389.405 383.243
389.993 385.232
391.038 387.072
391.514 389.102
391.909 391.157
392.856 393.034
393.332 395.027
393.546 397.073
393.765 399.125
393.954 401.181
393.267 403.042
391.693 404.401
390.257 405.818
388.962 407.399
387.734 409.03
386.679 410.752
385.87 412.606
385.235 414.534
384.478 416.437
384.295 418.46
384.408 420.498
384.675 422.527
385.149 424.524
385.326 426.56
385.378 428.602
385.412 430.639
385.443 432.675
385.436 434.71
385.33 436.744
385.021 438.761
384.342 440.714
383.837 442.709
383.647 444.755
383.486 446.802
383.083 448.798
382.367 450.737
381.858 452.718
381.646 454.746
381.403 456.75
381.138 458.752
380.7 460.735
380.14 462.68
379.386 464.586
379.072 466.598
379 468.637
378.993 470.677
378.948 472.715
378.877 474.751
378.811 476.782
378.696 478.808
378.451 480.836
378.259 482.871
378.071 484.9
377.825 486.916
377.501 488.924
377.358 490.956
377.341 493.002
377.371 495.045
377.36 497.088
377.393 499.131
377.432 501.172
377.447 503.211
377.435 505.246
377.422 507.286
377.462 509.336
377.629 511.385
378.01 513.39
378.593 515.359
379.134 517.336
379.417 519.348
379.515 521.366
379.598 523.382
379.681 525.399
379.764 527.414
380.017 529.405
380.483 531.362
381.087 533.291
381.765 535.205
382.647 537.039
383.15 538.999
383.24 541.043
383.084 543.09
382.75 545.12
382.223 547.116
381.852 549.137
381.601 551.175
381.294 553.22
381.188 555.284
381.116 557.349
380.899 559.402
380.651 561.454
380.532 563.519
380.436 565.589
380.309 567.663
380.162 569.744
380.027 571.832
379.892 573.926
379.905 576.024
380.136 578.116
380.446 580.197
380.8 582.267
381.424 584.282
381.81 586.371
382.699 588.281
383.799 590.091
385.088 591.815
385.857 593.828
386.823 595.73
388.028 597.498
389.119 599.331
390.208 601.148
391.495 602.845
392.597 604.655
393.294 606.64
393.676 608.71
394.16 610.739
394.926 612.676
395.939 614.491
397.026 616.276
397.588 618.277
397.881 620.337
398.206 622.38
398.406 624.432
398.322 626.489
398.156 628.54
398.017 630.587
397.952 632.638
397.916 634.687
397.843 636.726
397.721 638.755
397.525 640.776
397.439 642.798
397.402 644.815
397.348 646.825
397.201 648.832
397.122 650.845
397.036 652.857
396.892 654.864
396.639 656.851
396.512 658.846
396.421 660.847
396.363 662.852
396.289 664.853
396.104 666.849
395.834 668.84
395.68 670.844
395.66 672.853
395.562 674.859
395.391 676.859
395.109 678.847
394.733 680.834
394.55 682.844
394.457 684.857
394.414 686.866
394.427 688.871
394.421 690.88
394.395 692.891
394.4 694.906
394.403 696.917
394.404 698.928
394.404 700.938
394.404 702.949
394.404 704.958
394.404 706.968
394.404 708.978
394.404 710.987
394.403 712.996
394.403 715.004
394.405 717.013
394.416 719.021
394.435 721.025
394.44 723.028
394.44 725.03
394.44 727.033
394.44 729.035
394.441 731.036
394.439 733.038
394.427 735.038
394.402 737.039
394.393 739.04
394.395 741.04
394.426 743.039
394.509 745.036
394.629 747.035
394.828 749.032
395.087 751.027
395.403 753.016
395.544 755.022
395.601 757.034
395.73 759.041
395.934 761.044
396.016 763.053
395.982 765.063
395.847 767.069
395.737 769.06
395.803 771.05
395.931 773.037
395.941 775.029
395.838 777.031
396.029 779.019
396.369 780.997
396.502 782.989
396.305 784.988
396.092 786.986
395.958 788.988
395.828 790.993
395.606 792.984
395.417 794.975
395.303 796.966
395.409 798.951
395.74 800.925
395.856 802.915
395.869 804.911
395.875 806.909
395.88 808.926
395.683 810.938
395.314 812.931
394.956 814.926
394.689 816.927
394.537 818.941
394.389 820.954
394.065 822.946
393.634 824.928
393.49 826.945
393.428 828.966
393.41 830.988
393.396 833.014
393.371 835.046
393.332 837.083
393.313 839.127
393.306 841.171
393.264 843.222
393.215 845.284
393.148 847.354
393.099 849.431
393.083 851.513
393.064 853.602
393.073 855.699
393.082 857.804
393.053 859.919
393.022 862.046
393.014 864.184
393.003 866.33
393.021 868.484
393.06 870.642
393.141 872.799
393.242 874.959
393.393 877.115
393.702 879.259
394.458 881.281
395.458 883.215
396.461 885.16
397.288 887.191
398.365 889.056
399.566 890.839
400.668 892.715
402.165 894.243
403.995 895.474
405.461 897.131
407.37 898.037
409.439 898.527
411.53 898.912
413.615 899.339
415.698 899.786
417.8 900.182
419.906 900.468
422.003 900.725
424.012 901.31
425.685 902.574
426.923 904.274
427.846 906.193
428.574 908.177
429.051 910.217
429.377 912.284
429.299 914.374
428.914 916.45
428.516 918.52
428.132 920.59
427.426 922.587
426.627 924.556
425.992 926.568
425.528 928.63
425.386 930.744
425.372 932.858
425.525 934.963
425.925 937.049
426.178 939.148
426.636 941.216
427.343 943.228
428.142 945.192
429.118 947.051
430.398 948.735
431.79 950.338
433.353 951.806
434.547 953.589
435.807 955.316
436.733 957.225
437.119 959.303
437.18 961.426
437.163 963.552
437.087 965.673
436.826 967.781
436.603 969.891
436.454 971.998
436.499 974.108
436.987 976.181
437.425 978.261
437.943 980.289
438.752 982.243
439.545 984.215
439.979 986.33
440.555 988.413
440.924 990.538
441.063 992.695
441.097 994.858
441.129 997.022
441.14 999.19
441.151 1001.37
441.228 1003.54
441.405 1005.7
441.929 1007.79
442.895 1009.74
444.221 1011.48
445.816 1012.95
447.76 1013.95
449.69 1015.05
451.804 1015.53
453.991 1015.82
456.117 1016.42
458.237 1017.09
460.427 1017.32
462.636 1017.3
464.859 1017.23
467.083 1017.26
469.288 1017.52
471.215 1018.55
472.265 1020.5
473.197 1022.5
474.034 1024.54
474.991 1026.55
476.244 1028.42
477.516 1030.26
479.118 1031.86
480.528 1033.61
482.31 1034.98
484.044 1036.41
485.797 1037.81
487.514 1039.34
489.466 1040.48
491.28 1041.81
493.145 1043.06
495.043 1044.27
496.978 1045.41
499.013 1046.29
500.995 1047.32
503.078 1048.09
505.12 1048.93
507.28 1049.19
509.451 1049.23
511.616 1049.19
513.788 1049.1
515.954 1048.95
518.098 1048.63
520.208 1048.13
522.326 1047.7
524.446 1047.44
526.536 1047.03
528.461 1046.07
530.519 1045.66
532.611 1045.53
534.7 1045.38
536.757 1044.97
538.833 1044.76
540.916 1044.62
542.991 1044.39
545.044 1044.07
547.114 1044.01
549.188 1044.07
551.262 1044.15
553.328 1044.13
555.378 1043.89
557.424 1043.59
559.481 1043.41
561.551 1043.34
563.63 1043.32
565.713 1043.22
567.799 1043
569.88 1043.19
571.776 1044.06
573.134 1045.59
573.827 1047.57
574.724 1049.43
575.995 1051.08
577.34 1052.72
579.177 1053.69
581.168 1054.27
583.238 1054.57
585.313 1054.58
587.39 1054.55
589.469 1054.51
591.55 1054.5
593.596 1054.84
595.353 1055.95
596.541 1057.66
597.069 1059.67
597.138 1061.77
597.044 1063.86
596.868 1065.95
596.589 1068.03
596.298 1070.13
596.155 1072.25
596.351 1074.37
596.942 1076.4
598.149 1078.12
599.719 1079.62
601.373 1081.04
603.364 1081.85
605.375 1082.6
607.338 1083.52
609.01 1084.85
609.965 1086.77
610.192 1088.91
609.858 1091.06
609.273 1093.14
608.253 1095.09
607.418 1097.08
605.982 1098.68
604.422 1100.13
602.638 1101.36
601.005 1102.78
599.128 1103.83
597.321 1105.13
595.393 1106.17
593.643 1107.53
591.842 1108.82
589.929 1109.9
588.075 1111.08
586.098 1112.12
584.683 1113.85
583.314 1115.63
582.085 1117.52
581.238 1119.6
580.156 1121.58
578.779 1123.38
577.812 1125.39
577.45 1127.64
577.588 1129.88
578.549 1131.86
580.295 1133.3
581.981 1134.8
583.917 1135.96
585.723 1137.43
587.574 1138.77
589.37 1140.18
591.313 1141.37
593.297 1142.46
595.182 1143.68
596.976 1145.06
598.975 1146.09
600.759 1147.42
602.626 1148.59
604.488 1149.75
606.184 1151.23
608.328 1151.94
610.098 1153.38
611.973 1154.61
613.783 1155.96
615.669 1157.22
617.786 1158.11
619.672 1159.42
621.494 1160.83
623.509 1161.96
625.439 1163.23
627.378 1164.48
628.367 1165.08
629.356 1165.67
631.208 1167.13
633.218 1168.24
635.125 1169.49
636.987 1170.84
638.979 1171.94

