CONTOUR

1

1755

987.652 1087.03
989.787 1087.32
991.956 1087.41
994.126 1087.44
996.296 1087.44
998.462 1087.45
1000.62 1087.46
1002.78 1087.47
1004.95 1087.45
1007.12 1087.43
1009.28 1087.38
1011.43 1087.3
1013.58 1087.17
1015.73 1087
1017.88 1086.98
1020.02 1087.17
1022.15 1087.1
1024.18 1086.43
1026.22 1085.94
1028.27 1085.46
1029.97 1084.24
1031.51 1082.78
1032.77 1081.11
1033.49 1079.14
1033.96 1077.05
1034.71 1075.06
1035.87 1073.25
1037.44 1071.79
1039.46 1071.86
1041.18 1073.32
1043.17 1074.09
1045.29 1074.41
1047.41 1074.81
1049.42 1075.59
1051.44 1076.33
1053.54 1076.8
1055.64 1077.16
1057.77 1077.34
1059.92 1077.46
1062.07 1077.58
1064.21 1077.82
1066.38 1077.97
1068.55 1077.98
1070.72 1077.87
1072.87 1077.68
1075.02 1077.45
1077.16 1077.12
1079.27 1076.66
1081.39 1076.14
1083.42 1075.3
1085.46 1074.49
1087.52 1073.78
1089.66 1073.26
1091.75 1072.6
1093.73 1071.64
1095.54 1070.36
1097.19 1068.88
1098.66 1067.24
1100.04 1065.51
1101.16 1063.61
1101.8 1061.52
1101.99 1059.32
1101.95 1057.09
1101.85 1054.87
1102.02 1052.66
1103.32 1050.91
1105.29 1049.92
1107.48 1049.75
1109.68 1049.86
1111.85 1050.24
1114.06 1050.43
1116.26 1050.34
1118.45 1050.03
1120.58 1049.44
1122.67 1048.71
1124.66 1047.68
1126.66 1046.65
1128.47 1045.37
1130.34 1044.17
1132.03 1042.72
1133.59 1041.12
1135.14 1039.47
1136.1 1037.43
1137.67 1035.78
1138.92 1033.92
1140.11 1031.99
1141.11 1029.95
1141.78 1027.83
1142.37 1025.68
1143.19 1023.61
1143.7 1021.43
1144.35 1019.31
1145.16 1017.23
1145.6 1015.06
1146.01 1012.87
1146.55 1010.7
1147 1008.52
1147.31 1006.31
1147.73 1004.12
1148.2 1001.95
1148.56 999.755
1148.83 997.556
1148.94 995.346
1148.97 993.142
1148.94 990.942
1148.93 988.725
1148.7 986.535
1148.17 984.378
1147.29 982.326
1146.27 980.356
1145.08 978.502
1143.44 976.979
1141.74 975.494
1140.15 973.908
1138.28 972.734
1136.26 971.827
1134.24 970.908
1132.12 970.332
1129.96 970.109
1127.78 969.958
1125.62 969.754
1123.45 969.638
1121.3 969.517
1119.17 969.164
1117.12 968.467
1115.11 967.664
1113.05 967.04
1111.04 966.253
1108.95 965.764
1106.8 965.621
1104.67 965.404
1102.6 964.852
1100.48 964.507
1098.35 964.306
1096.22 964.024
1094.13 963.6
1092.02 963.34
1089.91 963.167
1087.79 962.981
1085.66 962.711
1083.53 962.429
1081.41 962.1
1079.32 961.587
1077.19 961.306
1075.04 961.242
1072.89 961.216
1070.75 961.051
1068.69 960.44
1066.8 959.375
1065.49 957.615
1064.53 955.647
1063.44 953.738
1061.84 952.226
1060.01 951.034
1058.5 949.368
1056.72 948.041
1055.01 946.566
1053.35 945.02
1052.34 943.009
1051.58 940.856
1050.6 938.786
1049.47 936.829
1047.8 935.231
1046.32 933.428
1044.66 931.834
1042.9 930.338
1041.06 928.927
1039.27 927.402
1037.5 925.802
1035.72 924.282
1033.91 922.778
1031.97 921.415
1030.52 919.568
1028.94 917.835
1027.31 916.201
1025.6 914.637
1023.64 913.355
1022.02 911.711
1020.73 909.794
1019.19 908.136
1017.54 906.587
1015.64 905.307
1014.05 903.687
1012.73 901.851
1011.2 900.245
1009.58 898.715
1007.76 897.383
1006.35 895.66
1004.98 893.915
1003.55 892.231
1002.27 890.43
1001.77 888.311
1002.25 886.195
1003.83 884.776
1005.96 884.677
1007.87 885.731
1009.48 887.3
1011.35 888.439
1013.41 889.139
1015.55 889.314
1017.69 889.025
1019.68 888.042
1021.76 887.307
1023.87 886.619
1025.99 885.915
1028.04 885.058
1029.76 883.614
1031.63 882.4
1033.44 881.058
1034.96 879.349
1036.45 877.585
1037.99 875.899
1039.67 874.282
1041.39 872.664
1042.87 870.85
1044.6 869.158
1045.98 867.225
1047.11 865.124
1047.34 862.799
1046.7 860.495
1045.86 858.236
1045.1 855.958
1043.85 853.936
1042.62 851.908
1041.47 849.832
1040.05 847.887
1038.93 845.809
1037.66 843.848
1036.22 841.986
1034.93 840.035
1034 837.897
1033.05 835.807
1031.52 834.04
1030.2 832.125
1028.98 830.183
1027.76 828.253
1026.54 826.319
1025.43 824.317
1023.81 822.657
1022.88 820.551
1021.33 818.848
1019.99 817.021
1018.73 815.099
1017.67 813.061
1016.34 811.21
1015.2 809.254
1013.92 807.377
1013.08 805.296
1012.27 803.211
1011.22 801.222
1010.23 799.204
1009.3 797.184
1007.84 795.451
1006.74 793.534
1005.77 791.566
1004.98 789.509
1004.06 787.522
1002.88 785.659
1001.91 783.701
1001.02 781.74
999.84 779.938
998.782 778.065
998.036 776.06
997.538 774.005
997.122 771.937
996.622 769.886
996.359 767.808
996.442 765.695
996.649 763.603
996.954 761.54
997.259 759.478
997.421 757.413
997.446 755.346
997.402 753.284
997.271 751.231
997.136 749.179
997.016 747.133
996.851 745.098
996.582 743.076
996.364 741.05
996.143 739.021
995.965 736.984
995.859 734.938
995.51 732.911
994.964 730.925
994.519 728.928
994.066 726.942
993.854 724.917
993.772 722.886
993.668 720.862
993.432 718.851
993.291 716.83
993.189 714.801
992.959 712.779
992.437 710.802
991.964 708.812
991.786 706.778
991.697 704.737
991.633 702.695
991.492 700.672
991.028 698.721
990.037 696.919
989.444 694.998
989.151 693.002
988.96 690.984
988.744 688.974
988.455 686.971
988.205 684.977
987.924 682.982
987.698 680.98
987.518 678.97
987.168 676.96
986.769 674.966
986.508 672.966
986.408 670.958
986.356 668.946
986.262 666.942
986.08 664.953
985.597 663.005
985.387 661.013
985.309 659.006
985.233 656.993
985.174 654.979
985.136 652.952
985.091 650.924
984.855 648.91
984.332 646.94
983.904 644.946
983.723 642.922
983.639 640.899
983.62 638.878
983.608 636.849
983.588 634.819
983.567 632.787
983.509 630.751
983.404 628.709
983.156 626.677
982.753 624.662
982.413 622.635
982.189 620.59
982.033 618.534
981.95 616.471
981.867 614.412
981.79 612.355
981.72 610.296
981.56 608.247
981.212 606.198
981.032 604.121
980.908 602.035
980.704 599.948
980.471 597.857
980.353 595.749
980.247 593.63
980.163 591.503
979.986 589.378
979.655 587.259
979.329 585.131
978.999 583
978.619 580.879
978.084 578.779
977.103 576.885
975.511 575.337
973.992 573.69
972.397 572.189
970.752 570.726
969.043 569.349
967.281 567.966
965.212 567.107
963.598 565.478
961.636 564.459
959.555 563.63
957.497 562.772
955.443 561.948
953.417 561.075
951.617 559.703
949.736 558.491
947.917 557.229
945.964 556.2
943.987 555.166
942.577 553.501
941.507 551.579
941.175 549.429
941.685 547.325
943.167 545.585
944.012 543.527
945.339 541.697
945.817 539.577
945.889 537.368
945.843 535.141
945.742 532.918
945.653 530.677
945.655 528.428
945.857 526.205
946.529 524.073
947.422 522.001
947.976 519.833
948.037 517.593
947.292 515.446
946.44 513.336
945.541 511.245
944.601 509.164
943.378 507.249
941.66 505.654
940.406 503.707
939.039 501.859
937.488 500.212
935.723 498.733
934.249 497.016
933.034 495.101
931.948 493.071
930.579 491.221
929.178 489.401
927.686 487.597
926.523 485.594
924.938 483.919
923.43 482.178
922.009 480.359
920.747 478.448
919.783 476.357
919.687 474.114
920.594 472.051
921.608 470.028
922.307 467.887
922.951 465.713
923.228 463.473
922.905 461.234
922.296 459.031
921.661 456.852
920.926 454.689
919.965 452.567
919.395 450.317
918.47 448.21
917.512 446.114
916.411 444.108
914.842 442.376
913.382 440.567
911.564 439.112
909.888 437.448
908.204 435.866
906.393 434.379
904.737 432.761
902.992 431.189
901.177 429.642
899.252 428.291
897.353 426.911
895.427 425.549
893.78 423.848
892.319 422.026
890.698 420.386
889.053 418.778
887.237 417.335
885.65 415.631
884.269 413.785
882.65 412.179
881.061 410.531
879.303 409.016
877.822 407.242
876.65 405.227
875.171 403.466
873.468 401.93
871.627 400.534
869.693 399.302
867.925 397.814
865.78 397.088
863.62 396.337
861.814 394.969
860.357 393.26
859.111 391.36
858.131 389.302
856.952 387.368
855.333 385.745
853.529 384.281
851.716 382.863
849.99 381.267
848.063 379.848
847.006 377.753
845.578 375.878
844.261 373.962
842.693 372.26
841.004 370.676
839.034 369.426
837.046 368.189
835.144 366.828
833.353 365.291
831.426 363.908
829.499 362.502
827.55 361.17
825.686 359.641
823.367 358.927
821.386 357.53
820.406 356.842
819.426 356.154
817.523 354.694
815.603 353.235
814.28 351.247
813.32 349.024
812.119 346.962
810.143 345.719
807.786 345.17
805.756 343.942
803.911 342.415
802.012 340.984
799.843 339.999
797.754 338.911
795.614 338
793.465 337.12
791.514 335.765
789.331 334.929
787.268 333.828
785.251 332.667
783.52 331.022
781.581 329.728
779.804 328.215
777.746 327.19
775.82 325.892
773.875 324.706
771.869 323.633
769.831 322.607
767.677 321.951
765.459 321.624
763.271 321.19
761.347 319.902
759.185 319.441
756.939 319.322
754.752 319.028
752.758 317.989
750.629 317.381
748.554 316.652
746.807 315.352
745.492 313.591
744.148 311.824
742.294 310.696
740.652 309.308
738.849 308.125
737.189 306.78
735.523 305.401
734.292 303.646
734.032 301.576
734.689 299.523
735.382 297.491
735.76 295.38
736.415 293.345
737.056 291.292
737.581 289.22
738.522 287.297
739.615 285.438
740.482 283.482
741.059 281.426
741.606 279.365
742.271 277.333
743.286 275.424
744.223 273.482
745.14 271.529
745.769 269.484
746.44 267.447
747.144 265.417
747.747 263.355
748.401 261.31
749.142 259.296
749.965 257.307
751.23 255.49
751.865 253.397
753.188 251.612
753.923 249.574
754.751 247.551
755.922 245.685
756.883 243.737
757.794 241.759
759.131 239.966
759.713 237.888
760.292 235.814
761.119 233.833
761.748 231.799
762.62 229.849
763.599 227.945
764.485 225.999
765.163 223.988
765.633 221.935
765.942 219.845
766.469 217.781
767.227 215.781
767.846 213.759
768.59 211.768
769.229 209.76
769.736 207.727
770.407 205.737
771.106 203.759
771.916 201.807
772.44 199.776
772.712 197.699
772.91 195.621
773.142 193.552
773.478 191.5
773.738 189.445
773.88 187.376
774.016 185.299
774.1 183.214
774.12 181.143
774.12 179.073
774.124 177.001
774.131 174.926
774.085 172.835
773.942 170.752
773.752 168.676
773.4 166.614
773.195 164.534
773.073 162.445
772.896 160.358
772.566 158.286
772.302 156.198
772.033 154.105
771.692 152.014
771.158 149.949
770.551 147.907
770.052 145.83
769.473 143.771
768.775 141.73
767.882 139.753
767.337 137.665
766.553 135.635
765.593 133.685
765.041 131.593
764.574 129.467
764.28 127.301
763.817 125.144
762.989 123.076
762.237 120.988
761.431 118.904
760.561 116.842
759.473 114.878
758.233 112.981
757.27 110.938
756.414 108.801
755.273 106.791
753.965 104.893
752.389 103.147
751.322 101.038
749.707 99.3135
748.312 97.4574
746.995 95.5095
745.601 93.6276
743.711 92.2354
741.877 90.7987
740.126 89.3149
738.504 87.6371
736.528 86.468
734.58 85.2533
732.576 84.1641
730.62 82.9742
728.545 82.0845
726.402 81.3796
724.245 80.7415
722.107 79.9997
719.913 79.5266
717.736 79.0559
715.634 78.374
713.512 77.8243
711.337 77.6765
709.156 77.6601
706.984 77.6249
704.823 77.5591
702.676 77.3427
700.531 77.2494
698.389 77.2424
696.253 77.2588
694.122 77.2816
691.992 77.29
689.866 77.3219
687.745 77.4722
685.642 77.7732
683.558 78.1921
681.507 78.7837
679.431 79.2959
677.363 79.8243
675.366 80.5756
673.332 81.1726
671.262 81.6239
669.214 82.1562
667.18 82.7544
665.233 83.6146
663.285 84.4825
661.238 85.0301
659.135 85.2888
657.088 85.7474
655.252 86.8745
653.217 87.5193
651.194 88.182
649.265 89.0674
647.259 89.7093
645.273 90.4217
643.335 91.2739
641.459 92.274
639.529 93.1309
637.526 93.7589
635.585 94.5576
633.73 95.5619
631.873 96.577
629.988 97.4505
628 98.0276
626.01 98.6343
624.03 99.2262
622.068 99.8268
620.11 100.44
618.146 101.057
616.15 101.507
614.137 101.87
612.171 102.432
610.237 103.116
608.232 103.568
606.217 103.941
604.183 104.103
602.147 103.955
600.121 103.688
598.104 103.416
596.091 103.135
594.117 102.629
592.135 102.158
590.12 101.931
588.091 101.832
586.073 101.711
584.071 101.468
582.094 100.998
580.082 100.763
578.054 100.632
576.031 100.441
574.047 100.044
572.056 99.6346
570.064 99.2342
568.061 98.8823
566.056 98.5899
564.034 98.438
562.013 98.3277
559.99 98.2414
557.972 98.1968
555.954 98.192
553.934 98.197
551.913 98.2106
549.895 98.2264
547.874 98.2244
545.852 98.2269
543.832 98.266
541.806 98.3978
539.778 98.5532
537.75 98.7462
535.724 98.9885
533.719 99.2721
531.704 99.4703
529.688 99.6654
527.68 99.9278
525.661 100.234
523.641 100.526
521.63 100.822
519.646 101.261
517.65 101.6
515.623 101.764
513.592 101.97
511.591 102.42
509.6 102.921
507.571 103.21
505.533 103.449
503.515 103.821
501.544 104.413
499.557 104.92
497.538 105.211
495.522 105.504
493.502 105.834
491.468 106.029
489.43 106.19
487.4 106.455
485.375 106.843
483.413 107.516
481.458 108.212
479.455 108.73
477.431 109.104
475.381 109.255
473.326 109.374
471.279 109.616
469.227 109.923
467.231 110.519
465.267 111.243
463.239 111.741
461.214 112.31
459.205 112.939
457.14 113.283
455.095 113.716
453.055 114.18
450.99 114.613
448.996 115.3
447.044 116.137
444.996 116.651
442.905 117.017
440.867 117.585
439.051 118.771
437.013 119.43
434.982 120.121
433.058 121.066
431.021 121.668
428.963 122.244
426.935 122.969
425.029 124.021
423.02 124.825
420.895 125.298
418.836 125.938
417.019 127.232
414.938 127.961
413.056 129.218
411.023 130.116
408.968 130.948
406.913 131.843
404.792 132.623
402.773 133.607
401.006 135.117
398.817 135.772
396.852 136.993
394.712 137.743
392.583 138.53
390.542 139.549
388.529 140.626
386.543 141.762
384.699 143.212
382.437 143.835
380.588 145.294
378.626 146.525
376.724 147.86
374.807 149.185
372.637 150.034
370.622 151.199
368.656 152.465
366.76 153.839
364.862 155.211
363.112 156.768
361.383 158.355
359.445 159.723
357.558 161.189
355.497 162.304
353.506 163.535
351.503 164.77
349.443 165.895
347.66 167.454
345.741 168.799
343.648 169.888
341.718 171.22
339.915 172.7
338.061 174.131
336.202 175.598
334.545 177.271
332.502 178.409
330.549 179.691
328.791 181.224
327.187 182.983
324.938 183.837
323.261 185.498
321.515 187.023
319.624 188.395
317.782 189.785
316.242 191.5
314.715 193.211
313.076 194.747
311.349 196.204
309.499 197.524
308.093 199.291
306.688 201.036
305.135 202.587
303.379 203.977
301.637 205.406
300.448 207.339
299.153 209.189
297.567 210.768
295.752 212.16
294.123 213.728
292.763 215.554
291.49 217.463
290.036 219.223
288.552 220.976
287.336 222.958
285.532 224.339
283.681 225.694
281.476 226.345
279.231 226.84
277.008 227.445
274.792 228.114
272.576 228.743
270.385 229.461
268.135 229.936
265.912 230.541
263.77 231.386
261.724 232.436
259.662 233.438
257.445 234.002
255.274 234.773
253.323 236.021
251.363 237.212
249.473 238.536
247.471 239.685
245.741 241.254
243.813 242.484
241.914 243.759
240.059 245.094
239.147 247.194
237.702 248.959
236.893 251.014
236.267 253.151
235.774 255.309
235.421 257.506
235.095 259.701
234.726 261.876
234.321 264.035
234.236 266.209
234.418 268.39
234.813 270.548
235.526 272.636
236.182 274.722
236.618 276.855
237.116 278.962
237.759 281.017
238.545 283.021
239.17 285.08
239.589 287.194
240.258 289.222
240.953 291.243
241.319 293.328
241.696 295.397
242.247 297.438
242.852 299.463
243.72 301.4
244.535 303.353
245.12 305.362
245.323 307.452
245.542 309.545
246.153 311.551
247.051 313.467
247.759 315.449
248.572 317.389
249.196 319.386
249.613 321.415
250.024 323.453
250.504 325.481
250.896 327.518
251.377 329.561
252.1 331.536
252.716 333.533
253.333 335.529
253.822 337.559
254.419 339.569
255.127 341.557
255.578 343.592
255.981 345.648
256.757 347.615
257.266 349.644
257.694 351.689
258.227 353.712
258.784 355.734
259.608 357.674
260.51 359.588
261.118 361.592
261.395 363.677
261.931 365.692
263.196 367.453
263.687 369.5
264.136 371.561
265.005 373.484
265.602 375.484
266.166 377.497
266.692 379.52
267.493 381.455
268.424 383.346
269.029 385.346
269.22 387.422
269.393 389.491
269.798 391.518
270.569 393.465
271.351 395.396
271.845 397.416
272.617 399.361
273.435 401.277
273.958 403.291
274.378 405.329
274.666 407.375
275.026 409.424
275.713 411.401
276.425 413.363
277.107 415.316
277.559 417.33
277.731 419.392
277.985 421.443
278.725 423.384
279.275 425.37
279.532 427.423
279.926 429.449
280.798 431.345
281.355 433.306
281.609 435.338
281.938 437.36
282.25 439.392
282.5 441.432
282.833 443.469
283.405 445.459
284.089 447.414
284.551 449.414
284.804 451.447
285.045 453.476
285.452 455.478
285.887 457.478
286.554 459.421
287.179 461.37
287.35 463.395
287.464 465.436
287.858 467.435
288.673 469.329
289.309 471.271
289.782 473.249
290.039 475.267
290.271 477.294
290.613 479.309
291.109 481.277
291.46 483.275
291.787 485.278
292.171 487.27
292.512 489.275
292.674 491.301
292.863 493.323
293.262 495.317
293.636 497.303
293.838 499.32
294.242 501.311
294.84 503.264
295.194 505.26
295.322 507.286
295.406 509.314
295.472 511.341
295.554 513.359
295.829 515.361
296.463 517.304
296.912 519.286
297.043 521.318
297.151 523.348
297.281 525.369
297.521 527.377
297.838 529.372
298.013 531.38
298.128 533.393
298.402 535.388
298.795 537.372
299.257 539.345
299.768 541.31
300.206 543.289
300.504 545.298
300.651 547.323
300.783 549.346
301.026 551.356
301.261 553.348
301.329 555.356
301.385 557.372
301.59 559.382
301.947 561.374
302.583 563.311
303.132 565.268
303.312 567.289
303.404 569.316
303.572 571.329
303.958 573.312
304.592 575.256
305.017 577.238
305.184 579.254
305.306 581.267
305.54 583.264
305.885 585.252
306.058 587.258
306.241 589.26
306.525 591.252
306.869 593.242
307.078 595.25
307.269 597.259
307.549 599.258
307.949 601.255
308.218 603.27
308.375 605.291
308.487 607.312
308.564 609.334
308.651 611.352
308.811 613.36
309.208 615.335
309.561 617.304
309.681 619.306
309.751 621.319
309.913 623.334
310.373 625.306
311.01 627.242
311.291 629.239
311.379 631.255
311.399 633.276
311.449 635.302
311.568 637.33
311.766 639.355
312.105 641.362
312.599 643.342
313.016 645.335
313.296 647.346
313.537 649.344
313.611 651.353
313.681 653.363
313.862 655.369
314.159 657.368
314.417 659.378
314.705 661.392
315.103 663.392
315.628 665.366
316.143 667.343
316.511 669.347
316.841 671.35
317.133 673.341
317.237 675.348
317.314 677.357
317.497 679.361
317.769 681.361
318.161 683.346
318.84 685.271
319.188 687.261
319.303 689.277
319.366 691.3
319.46 693.323
319.606 695.346
319.873 697.353
320.357 699.325
320.941 701.275
321.273 703.273
321.505 705.27
321.574 707.276
321.62 709.276
321.705 711.271
321.862 713.276
321.979 715.282
322.127 717.285
322.402 719.276
322.719 721.263
322.883 723.269
323.032 725.279
323.284 727.281
323.671 729.287
324.133 731.279
324.442 733.288
324.599 735.308
324.658 737.334
324.748 739.357
324.92 741.376
325.258 743.377
325.579 745.381
325.737 747.41
325.865 749.452
326.08 751.496
326.584 753.503
327.096 755.513
327.279 757.576
327.335 759.653
327.381 761.734
327.454 763.825
327.592 765.922
327.849 768.015
328.329 770.085
328.901 772.14
329.24 774.245
329.634 776.346
329.874 778.48
330.016 780.63
330.149 782.788
330.396 784.947
330.915 787.06
331.77 789.092
332.523 791.156
333.14 793.263
333.852 795.314
335.362 796.944
336.762 798.625
337.999 800.432
339.22 802.281
340.694 803.928
342.299 805.442
343.884 807.015
345.743 808.263
347.203 809.982
348.878 811.446
350.748 812.674
352.55 813.927
354.146 815.486
355.728 817.032
357.626 818.1
359.486 819.273
361.209 820.641
362.837 822.09
364.258 823.753
364.736 825.854
364.352 827.986
363.599 830.017
362.907 832.064
362.388 834.168
361.845 836.265
361.338 838.356
360.567 840.369
359.762 842.383
359.089 844.42
357.996 846.299
357.41 848.361
356.816 850.422
356.104 852.46
355.421 854.496
354.795 856.535
354.257 858.602
353.696 860.675
353.13 862.74
352.2 864.694
351.533 866.753
350.875 868.802
349.83 870.729
349.043 872.757
348.492 874.866
347.859 876.967
347.106 879.044
346.421 881.138
345.746 883.217
345.208 885.337
344.253 887.346
343.591 889.476
343.007 891.627
341.965 893.609
341.277 895.721
340.597 897.849
339.839 899.965
339.023 902.077
338.659 904.288
339.119 906.47
340.298 908.392
341.938 909.946
343.675 911.468
345.508 912.886
347.457 914.074
349.452 915.177
351.468 916.29
353.564 917.247
355.753 917.888
357.853 918.746
359.879 919.776
361.959 920.745
364.161 921.278
366.427 921.423
368.7 921.41
370.972 921.329
373.24 921.121
375.477 920.664
377.653 919.952
379.784 919.116
381.763 917.951
383.888 917.083
386.003 916.122
388.032 914.968
390.201 914.162
392.359 913.309
394.328 912.06
396.333 910.894
398.156 909.477
399.549 907.568
400.922 905.642
402.213 903.689
403.376 901.662
404.636 899.715
405.947 897.82
407.406 896.003
409.115 894.5
410.568 892.785
412.014 891.067
413.152 889.161
414.15 887.137
415.413 885.243
416.879 883.498
417.882 881.506
418.889 879.495
420.036 877.567
421.02 875.576
421.979 873.572
423.366 871.781
424.76 870.024
425.838 868.106
426.812 866.129
428.041 864.31
429.981 863.353
432.177 863.193
434.288 863.769
436.102 865.106
438.073 866.069
440.015 867.148
441.972 868.226
443.941 869.273
445.858 870.427
447.763 871.638
449.531 873.128
451.452 874.333
453.336 875.599
455.268 876.804
457.387 877.621
459.467 878.495
461.344 879.805
463.246 881.071
465.369 881.893
467.447 882.759
469.353 884.006
471.318 885.148
473.423 885.984
475.416 887.051
477.357 888.226
479.319 889.361
481.343 890.358
483.333 891.421
485.332 892.482
487.421 893.348
489.476 894.268
491.361 895.525
493.282 896.723
495.359 897.617
497.415 898.564
499.371 899.717
501.386 900.746
503.488 901.591
505.524 902.59
507.471 903.761
509.425 904.938
511.517 905.837
513.421 907.085
515.26 908.428
517.202 909.618
519.02 911.071
521.172 911.815
522.923 913.263
524.871 914.322
526.904 915.232
528.876 916.257
530.885 917.14
532.841 918.153
534.694 919.403
536.567 920.566
538.47 921.655
540.294 922.862
541.862 924.454
543.759 925.546
545.947 926.107
547.913 927.154
549.716 928.494
551.695 929.491
553.827 930.171
555.893 930.986
557.786 932.179
559.758 933.244
561.807 934.156
563.637 935.432
565.43 936.757
567.445 937.639
569.535 938.335
571.569 939.162
573.43 940.325
575.191 941.619
576.119 943.65
577.586 945.285
579.353 946.553
581.282 947.553
583.341 948.207
585.46 948.601
587.486 949.249
589.132 950.585
590.501 952.207
591.546 954.055
592.444 955.946
593.122 957.93
593.421 960.002
593.465 962.127
593.387 964.244
593.143 966.345
592.628 968.395
591.901 970.4
591.11 972.386
590.415 974.404
590.013 976.486
589.82 978.603
589.768 980.728
589.801 982.855
589.883 984.983
590.16 987.093
590.807 989.131
591.363 991.199
591.84 993.271
593.275 994.904
594.4 996.697
595.513 998.501
596.796 1000.17
598.02 1001.92
599.55 1003.46
600.521 1005.35
601.12 1007.4
601.305 1009.53
601.333 1011.66
601.309 1013.79
601.197 1015.92
600.743 1018.01
599.937 1020.02
599.693 1022.12
599.942 1024.23
600.607 1026.25
601.235 1028.29
601.823 1030.34
602.564 1032.36
603.225 1034.42
603.883 1036.5
604.287 1038.62
604.436 1040.79
604.542 1042.96
604.648 1045.13
604.726 1047.31
604.781 1049.49
604.824 1051.67
604.989 1053.86
605.488 1056
606.027 1058.14
607.06 1060.08
608.541 1061.72
610.138 1063.26
612.152 1064.21
614.153 1065.19
616.267 1065.89
618.443 1066.37
620.668 1066.71
622.893 1067.14
625.109 1067.6
627.37 1067.72
629.639 1067.67
631.903 1067.46
634.143 1067.02
636.343 1066.37
638.565 1065.79
640.789 1065.25
642.873 1064.29
644.932 1063.24
646.815 1061.91
648.64 1060.55
650.334 1059.03
651.891 1057.36
653.295 1055.54
654.742 1053.76
655.734 1051.73
655.95 1049.46
655.384 1047.25
653.909 1045.45
652.344 1043.78
651.033 1041.92
650.225 1039.84
649.822 1037.67
649.746 1035.46
649.792 1033.25
650.089 1031.06
650.493 1028.9
651.128 1026.8
651.895 1024.74
652.293 1022.62
652.111 1020.48
651.476 1018.4
650.705 1016.37
650.038 1014.32
649.84 1012.16
649.805 1009.98
649.765 1007.8
649.719 1005.61
649.663 1003.41
649.844 1001.24
650.681 999.258
652.04 997.56
653.42 995.886
654.182 993.882
655.11 991.96
656.112 990.119
657.033 988.232
657.384 986.189
657.463 984.104
657.466 982.015
657.432 979.926
657.292 977.841
657.072 975.752
656.49 973.744
655.533 971.878
654.502 970.051
653.745 968.093
653.086 966.128
652.499 964.139
651.736 962.193
650.937 960.258
650.513 958.215
650.394 956.141
650.628 954.082
651.118 952.048
651.774 950.051
652.467 948.049
653.551 946.265
655.358 945.189
657.202 944.154
659.077 943.193
660.971 942.239
662.988 941.549
664.876 940.603
666.662 939.494
668.453 938.393
670.253 937.311
671.854 935.871
673.637 934.69
675.724 934.174
677.834 933.8
679.876 933.224
681.894 932.516
683.808 931.552
685.674 930.493
687.623 929.583
689.605 928.743
691.482 927.692
693.377 926.686
695.286 925.701
697.241 924.868
699.172 924.018
700.998 922.951
702.916 922.114
704.821 921.322
706.685 920.47
708.435 919.405
710.114 918.235
711.955 917.411
713.871 916.766
715.771 916.088
717.772 915.78
719.641 916.485
720.872 918.04
721.157 920.015
721.101 922.024
721.128 924.026
721.188 926.025
721.466 928.007
721.706 930.002
721.846 932.004
721.951 934.008
721.986 936.013
722.014 938.006
722.129 939.997
722.237 941.992
722.397 943.988
722.454 945.997
722.451 948.008
722.423 950.022
722.368 952.037
722.38 954.052
722.484 956.068
722.638 958.087
722.906 960.101
723.09 962.135
723.125 964.181
722.972 966.227
722.701 968.268
722.596 970.326
722.58 972.394
722.554 974.47
722.485 976.551
722.448 978.64
722.441 980.736
722.43 982.843
722.422 984.956
722.421 987.078
722.409 989.211
722.359 991.353
722.308 993.499
722.305 995.656
722.344 997.823
722.429 999.999
722.495 1002.2
722.926 1004.34
723.921 1006.34
724.798 1008.38
725.357 1010.54
726.195 1012.6
727.685 1014.32
729.17 1016.06
729.988 1018.24
731.057 1020.27
732.487 1022.1
733.91 1023.95
735.477 1025.77
737.188 1027.45
738.594 1029.34
739.886 1031.34
741.23 1033.3
743.131 1034.74
744.848 1036.33
746.602 1037.83
748.245 1039.5
749.792 1041.26
751.603 1042.69
753.604 1043.87
755.678 1044.9
757.832 1045.74
759.805 1047.03
762.018 1047.87
764 1049.2
766.196 1050.01
768.321 1051.01
770.434 1052.08
772.683 1052.75
774.981 1053.13
777.323 1053.18
779.639 1052.95
781.839 1052.21
783.796 1050.88
785.736 1049.5
787.2 1047.63
788.538 1045.68
789.63 1043.6
790.87 1041.59
791.875 1039.43
793.733 1037.92
795.678 1036.57
797.546 1035.11
799.458 1033.69
801.131 1031.96
803.026 1030.62
804.519 1028.87
805.682 1026.84
807.325 1025.17
809.202 1023.78
811.46 1023.67
813.466 1024.81
815.122 1026.42
816.336 1028.4
817.826 1030.15
819.618 1031.69
821.432 1033.19
823.67 1033.75
826.005 1033.85
828.345 1033.75
830.654 1033.34
832.761 1032.25
834.854 1031.15
836.943 1030
839.195 1029.25
841.249 1028.08
843.151 1026.67
845.139 1025.38
847.007 1023.85
849.289 1023.26
851.471 1022.42
853.633 1021.56
855.623 1020.31
857.426 1018.76
859.292 1017.36
861.061 1015.81
863.069 1014.57
864.832 1013.04
866.68 1011.64
868.439 1010.15
870.001 1008.44
871.88 1007.07
873.703 1005.53
875.642 1004.18
877.509 1002.73
879.494 1001.42
881.401 1000.01
883.535 999.038
885.53 997.797
887.603 996.692
889.561 995.403
891.422 994.007
893.213 992.507
895.237 991.322
897.042 989.836
899.043 988.75
900.983 987.576
902.892 986.36
904.915 985.422
907.061 984.8
909.17 984.058
911.322 983.592
913.375 982.87
915.36 981.941
917.303 980.946
919.024 979.532
920.847 978.341
922.735 977.305
924.424 975.901
926.433 975.208
928.571 975.045
930.629 975.559
932.069 977.07
932.83 979.044
933.644 980.991
934.959 982.694
935.79 984.59
936.638 986.492
937.368 988.439
938.147 990.373
939.293 992.14
940.399 993.931
941.205 995.849
941.595 997.884
941.801 999.971
941.99 1002.06
942.543 1004.1
943.112 1006.13
943.318 1008.21
943.422 1010.31
943.551 1012.39
943.889 1014.44
945.076 1016.23
945.585 1018.24
946.043 1020.26
946.73 1022.19
947.899 1023.91
949.17 1025.59
950.921 1026.7
952.887 1027.4
954.967 1027.65
957.057 1027.81
959.144 1027.94
961.222 1028.15
963.272 1028.55
964.95 1029.7
965.773 1031.62
966.548 1033.57
967.252 1035.52
967.469 1037.61
967.83 1039.67
968.637 1041.63
969.116 1043.67
969.382 1045.74
969.963 1047.76
970.969 1049.63
972.048 1051.47
972.495 1053.52
972.303 1055.61
971.636 1057.63
970.753 1059.57
970.164 1061.6
969.806 1063.67
969.638 1065.77
969.587 1067.87
969.549 1069.99
969.441 1072.11
969.511 1074.21
969.882 1076.28
970.78 1078.19
972.142 1079.87
973.563 1081.52
975.436 1082.58
977.407 1083.49
979.392 1084.39
981.433 1085.14
983.537 1085.64
985.635 1086.19

