CONTOUR

2

1928

815.067 1038.07
817.217 1038.39
819.357 1038.78
821.523 1038.68
823.701 1038.53
825.883 1038.57
828.028 1038.31
830.145 1037.88
832.237 1037.38
834.308 1036.77
836.3 1035.92
838.126 1034.72
839.859 1033.38
841.396 1031.79
842.703 1030.04
843.943 1028.24
844.685 1026.2
845.025 1024.05
845.27 1021.9
845.346 1019.74
845.431 1017.58
845.629 1015.43
845.867 1013.29
846.032 1011.14
846.112 1008.99
846.071 1006.83
846.263 1004.68
846.797 1002.58
847.364 1000.49
847.696 998.374
847.783 996.239
847.816 994.11
847.893 991.988
847.942 989.871
847.713 987.774
847.232 985.723
846.275 983.822
845.459 981.861
845.236 979.765
845.493 977.668
846.412 975.746
847.678 974.033
849.234 972.546
850.342 970.776
850.921 968.761
851.235 966.683
851.354 964.582
851.403 962.475
851.547 960.373
851.877 958.296
852.22 956.224
852.451 954.148
852.57 952.075
852.59 950.017
852.511 947.963
852.302 945.924
851.867 943.925
851.159 942.007
850.529 940.074
850.024 938.111
849.414 936.191
848.594 934.342
847.964 932.434
847.99 930.437
848.532 928.483
848.972 926.516
849.022 924.496
849.059 922.48
849.575 920.58
850.9 919.067
852.39 917.641
854.331 917.03
856.381 916.845
858.456 916.823
860.534 916.845
862.611 916.794
864.663 916.535
866.627 915.889
868.52 914.981
870.502 914.309
872.438 913.525
874.147 912.265
875.907 911.063
876.921 909.229
877.375 907.193
877.554 905.118
877.778 903.036
877.918 900.944
878.076 898.85
878.49 896.796
879.199 894.82
880.003 892.862
880.726 890.88
881.088 888.814
881.229 886.73
881.301 884.644
881.331 882.564
881.307 880.49
881.251 878.424
881.209 876.358
881.304 874.302
881.54 872.272
882.025 870.288
882.365 868.277
882.634 866.257
882.947 864.229
883.417 862.244
883.779 860.246
884.094 858.243
884.293 856.231
884.366 854.209
884.426 852.189
884.518 850.172
884.666 848.161
884.923 846.167
885.095 844.163
885.226 842.149
885.366 840.123
885.512 838.109
885.538 836.09
885.536 834.07
885.538 832.049
885.558 830.026
885.598 828
885.607 825.97
885.614 823.934
885.64 821.898
885.635 819.862
885.621 817.828
885.601 815.796
885.578 813.763
885.544 811.735
885.511 809.711
885.482 807.69
885.457 805.672
885.453 803.655
885.438 801.639
885.348 799.625
885.235 797.593
885.198 795.558
885.136 793.525
884.957 791.501
884.794 789.474
884.721 787.437
884.619 785.394
884.375 783.357
884.124 781.295
884.132 779.203
884.709 777.192
886.219 775.787
888.21 775.871
889.62 777.462
890.845 779.183
892.046 780.878
893.299 782.521
894.908 783.85
895.919 785.689
897.252 787.381
897.757 789.405
898.064 791.46
898.24 793.527
898.32 795.6
898.411 797.671
898.731 799.716
899.243 801.751
899.619 803.806
899.867 805.864
899.951 807.925
900.203 809.967
900.668 811.976
901.151 813.971
901.507 815.988
901.746 818.043
902.231 820.047
903.049 821.971
903.609 823.973
904.128 826.03
904.739 828.045
905.169 830.085
905.553 832.124
905.821 834.187
905.992 836.267
906.265 838.327
906.761 840.351
907.391 842.333
908.301 844.23
909.071 846.162
909.488 848.189
909.932 850.209
910.763 852.135
911.503 854.108
912.212 856.089
912.681 858.142
913.15 860.188
913.582 862.247
914.207 864.259
914.615 866.317
915.053 868.376
915.639 870.4
916.452 872.38
916.972 874.441
917.184 876.553
917.399 878.658
917.742 880.754
918.286 882.82
919.092 884.824
919.428 886.96
920.127 888.986
920.879 891.013
921.327 893.121
921.724 895.261
922.329 897.351
923.061 899.401
923.995 901.386
924.878 903.386
925.524 905.461
925.885 907.621
926.509 909.731
927.42 911.745
928.139 913.846
928.953 915.908
929.766 917.964
930.855 919.933
931.94 921.919
932.816 923.976
933.787 925.982
935.254 927.763
935.967 929.952
937.485 931.601
939.199 933.027
941.044 934.285
942.892 935.523
944.487 937.061
946.332 938.211
948.148 939.385
949.935 940.627
951.806 941.794
953.621 943.133
955.525 944.315
957.521 945.363
959.56 946.409
961.426 947.797
963.307 949.155
965.18 950.569
967.27 951.695
969.011 953.317
970.938 954.612
972.896 955.889
974.953 956.96
977.118 957.693
979.381 957.986
981.674 957.943
983.873 957.379
985.756 956.161
986.801 954.166
987.279 951.946
987.239 949.674
986.788 947.452
986.264 945.263
985.589 943.111
984.871 941.003
983.772 939.059
982.638 937.126
981.678 935.123
981.282 932.931
981.136 930.724
981.202 928.527
981.418 926.359
981.482 924.197
981.432 922.038
981.232 919.903
980.794 917.801
980.211 915.743
979.337 913.785
978.495 911.823
977.872 909.802
977.624 907.701
977.223 905.633
976.167 903.759
975.587 901.715
974.843 899.75
973.997 897.828
973.516 895.802
973.044 893.775
972.75 891.719
972.514 889.651
972.344 887.57
972.261 885.483
972.244 883.391
972.228 881.296
972.243 879.199
972.383 877.106
972.753 875.035
973.765 873.238
975.236 871.752
977.118 870.875
978.791 869.69
980.207 868.199
981 866.343
981.162 864.288
981.105 862.215
980.878 860.139
980.552 858.059
980.171 855.968
979.569 853.928
978.944 851.889
978.515 849.806
978.147 847.71
977.807 845.616
977.704 843.499
977.634 841.377
977.38 839.27
977.009 837.167
976.381 835.111
975.859 833.029
975.712 830.888
975.593 828.738
975.219 826.638
974.254 824.682
973.404 822.695
972.7 820.644
971.768 818.68
970.602 816.829
969.521 814.926
968.619 812.908
967.466 811.028
966.209 809.207
965.253 807.219
964.337 805.184
963.133 803.308
961.943 801.443
960.546 799.705
959.042 798.065
958.048 796.138
957.382 794.061
956.499 792.052
955.472 790.116
954.577 788.137
954.222 786.006
954.298 783.834
954.822 781.754
955.897 779.874
956.83 777.935
957.605 775.922
958.728 774.112
959.844 772.315
960.911 770.484
961.656 768.509
962.731 766.691
963.934 764.939
964.86 763.06
965.53 761.074
966.447 759.157
967.27 757.182
967.944 755.141
969.014 753.254
970.01 751.313
971.709 750.066
973.772 750.599
975.644 751.666
977.392 752.972
979.301 753.966
981.326 754.691
983.391 755.335
985.394 756.204
987.425 756.987
989.457 757.785
991.296 759.063
993.329 759.931
994.891 761.526
996.683 762.806
998.49 764.071
1000.26 765.394
1002.3 766.35
1004.26 767.476
1006.3 768.478
1008.36 769.441
1010.49 770.261
1012.53 771.32
1014.56 772.391
1016.68 773.317
1018.92 773.915
1021.13 774.655
1023.27 775.578
1024.99 777.171
1026.53 778.895
1028.01 780.671
1029.37 782.523
1031.04 784.148
1032.02 786.261
1033.41 788.12
1035.02 789.809
1036.28 791.752
1037.14 793.933
1038.19 796
1039.77 797.755
1041.32 799.562
1042.26 801.754
1043.35 803.857
1044.64 805.837
1045.89 807.86
1046.63 808.816
1047.36 809.772
1049.08 811.458
1050.44 813.371
1051.66 815.392
1052.84 817.447
1053.94 819.507
1055.57 821.239
1057.06 823.073
1058.3 825.067
1059.79 826.837
1061.42 828.467
1063.34 829.813
1064.94 831.493
1066.35 833.33
1068.02 834.884
1069.74 836.387
1071.66 837.67
1073.33 839.27
1074.61 841.173
1075.98 842.98
1077.35 844.797
1078.77 846.606
1079.91 848.568
1081.44 850.303
1082.71 852.189
1084.14 853.97
1085.41 855.864
1086.38 857.976
1087.66 859.909
1089.06 861.755
1090.28 863.726
1091.64 865.639
1093.25 867.303
1095.11 868.751
1096.43 870.658
1098.19 872.098
1100.01 873.509
1102.26 873.843
1104.56 873.838
1106.86 874.026
1109.02 874.844
1110.5 876.603
1111.5 878.68
1112.59 880.677
1113.59 882.721
1114.48 884.799
1115.53 886.807
1116.88 888.674
1117.87 890.715
1119.14 892.597
1120.31 894.509
1121.28 896.556
1121.74 898.766
1122.29 900.945
1122.77 903.151
1123.47 905.285
1124.45 907.322
1125.29 909.424
1126.08 911.556
1127.42 913.408
1129.02 915.059
1130.75 916.501
1132.87 917.189
1135.14 917.334
1137.43 917.271
1139.72 917.157
1142 916.967
1144.23 916.46
1146.41 915.693
1148.56 914.821
1150.78 914.212
1153 913.65
1155.11 912.782
1156.87 911.253
1158.78 910.003
1160.91 909.201
1163.01 908.386
1165.01 907.307
1167.05 906.326
1169.06 905.36
1171.08 904.44
1173 903.288
1174.92 902.162
1176.98 901.33
1178.91 900.326
1180.58 898.908
1181.8 897.099
1183.01 895.25
1183.14 893.114
1182.59 891.007
1181.86 888.937
1181.56 886.804
1182.19 884.758
1183.62 883.142
1185.57 882.224
1187.67 881.736
1189.79 881.422
1191.9 881.082
1194 880.551
1196.08 879.941
1198.22 879.632
1200.35 879.313
1202.44 878.761
1204.5 878.055
1206.63 877.733
1208.77 877.494
1210.92 877.405
1213.06 877.334
1215.21 877.145
1217.32 876.709
1219.4 876.122
1221.41 875.251
1223.43 874.427
1225.54 873.86
1227.69 873.493
1229.72 872.696
1231.66 871.621
1233.74 870.875
1235.81 870.08
1237.93 869.473
1239.91 868.481
1241.85 867.384
1243.8 866.293
1245.76 865.234
1247.56 863.824
1249.73 863.061
1251.48 861.563
1253.43 860.397
1255.46 859.341
1257.51 858.324
1259.57 857.376
1261.43 856.03
1263.57 855.203
1265.34 853.686
1267.31 852.555
1269.32 851.477
1271.36 850.438
1273.18 849.113
1274.7 847.403
1276.27 845.712
1278.07 844.309
1279.95 842.957
1281.9 841.637
1283.39 839.791
1285.01 838.1
1286.85 836.632
1288.31 834.835
1290 833.213
1291.21 831.217
1292.28 829.124
1292.85 826.856
1292.9 824.517
1292.71 822.163
1292.69 819.79
1293.42 817.6
1295.14 816.024
1297.1 814.782
1298.64 813.049
1300.29 811.44
1301.79 809.706
1303.32 807.945
1305.08 806.507
1306.44 804.752
1307.8 802.995
1308.96 801.124
1309.9 799.125
1311.03 797.183
1311.67 795.065
1312.42 792.98
1313.1 790.863
1313.37 788.673
1313.45 786.472
1313.42 784.27
1313.4 782.065
1313.38 779.862
1313.19 777.67
1312.62 775.535
1311.85 773.447
1311.47 771.276
1310.74 769.208
1309.69 767.241
1308.93 765.144
1308.1 763.088
1306.88 761.23
1305.62 759.404
1304.11 757.79
1302.43 756.451
1300.56 755.318
1298.6 754.384
1296.54 753.708
1294.47 753.069
1292.44 752.276
1290.36 751.673
1288.21 751.426
1286.05 751.285
1283.9 751.102
1281.81 750.63
1279.73 750.112
1277.63 749.853
1275.52 749.805
1273.4 749.786
1271.3 749.763
1269.2 749.852
1267.13 750.178
1265.1 750.766
1263.04 751.073
1260.95 751.263
1258.88 751.521
1256.87 751.997
1255.05 753.071
1253.03 753.596
1251.02 754.075
1248.99 754.46
1246.95 754.713
1244.88 754.931
1242.83 755.246
1240.8 755.646
1238.79 756.203
1236.74 756.524
1234.66 756.736
1232.61 757.035
1230.61 757.54
1228.58 757.948
1226.59 758.593
1224.57 759.116
1222.57 759.67
1220.58 760.37
1218.59 761.025
1216.58 761.56
1214.64 762.376
1212.62 762.9
1210.56 763.306
1208.49 763.703
1206.42 764.2
1204.32 764.435
1202.23 764.129
1200.22 763.335
1198.22 762.6
1196.1 762.313
1193.95 762.188
1191.78 762.112
1189.65 761.863
1187.67 761.085
1186.19 759.526
1185.09 757.662
1184.01 755.784
1182.96 753.873
1181.07 752.724
1179.21 751.509
1177.31 750.337
1175.26 749.458
1173.12 748.77
1171.02 747.967
1169.06 746.813
1167.12 745.621
1165.47 744.007
1164.09 742.193
1162.65 740.439
1161.14 738.738
1159.31 737.318
1157.67 735.67
1156.17 733.905
1154.3 732.61
1152.28 731.524
1150.31 730.345
1148.22 729.455
1146.05 728.813
1143.94 727.949
1141.85 727.104
1139.99 725.728
1137.82 725.064
1135.71 724.225
1133.76 723.045
1131.71 722.115
1129.63 721.234
1127.76 719.866
1125.63 719.137
1123.53 718.307
1121.38 717.654
1119.23 716.985
1117.13 716.096
1115.08 715.067
1112.97 714.224
1110.85 713.388
1108.7 712.588
1106.79 711.324
1105.27 709.528
1103.42 708.117
1101.52 706.756
1099.58 705.497
1097.69 704.141
1095.6 703.127
1093.74 701.696
1091.77 700.511
1089.82 699.269
1087.79 698.156
1085.69 697.198
1083.67 696.088
1081.69 694.899
1079.69 693.745
1077.62 692.753
1075.58 691.689
1073.58 690.537
1071.48 689.575
1069.41 688.567
1067.52 687.273
1065.8 685.676
1063.81 684.46
1062.08 682.928
1060.41 681.381
1058.89 679.639
1057.23 678.08
1055.29 676.901
1053.3 675.792
1051.47 674.428
1049.66 673.06
1047.9 671.564
1046.63 669.673
1045.04 668.098
1043.23 666.717
1041.41 665.383
1039.79 663.777
1038.39 662.025
1037.22 660.155
1036.39 658.084
1035.66 655.982
1035.02 653.851
1034.39 651.718
1033.73 649.594
1033.02 647.492
1031.88 645.547
1030.86 643.547
1029.87 641.536
1029 639.463
1027.86 637.524
1026.62 635.653
1025.39 633.781
1023.93 632.017
1023.19 629.905
1021.65 628.286
1020.38 626.5
1019.08 624.718
1017.91 622.868
1017.03 620.826
1015.56 619.099
1014.33 617.236
1013.25 615.28
1012.07 613.346
1010.7 611.541
1009.38 609.717
1007.91 607.949
1007.01 605.885
1005.33 604.382
1003.83 602.737
1002.35 601.063
1000.97 599.271
999.527 597.462
997.931 595.803
996.457 594.079
994.946 592.369
993.636 590.487
992.577 588.465
991.239 586.622
989.647 584.952
988.174 583.16
986.818 581.244
985.291 579.506
983.427 578.094
981.588 576.651
979.835 575.152
978.474 573.214
977.043 571.364
975.317 569.778
973.197 568.733
971.15 567.582
969.066 566.541
966.925 565.643
964.704 565.041
962.49 564.43
960.281 563.887
958.085 563.359
955.898 562.865
953.703 562.455
951.578 561.829
949.441 561.375
947.266 561.172
945.129 560.749
943.077 559.966
940.934 559.628
938.779 559.446
936.631 559.264
934.548 558.837
932.53 558.086
930.43 557.72
928.359 557.319
926.455 556.418
924.622 555.368
922.717 554.486
920.74 553.879
918.749 553.381
916.742 553.043
914.729 552.588
912.742 551.963
910.739 551.502
908.686 551.358
906.643 551.187
904.652 550.638
902.666 550.065
900.634 549.797
898.605 549.639
896.587 549.497
894.594 549.237
892.615 548.878
890.645 548.414
888.663 548.018
886.67 547.721
884.655 547.55
882.642 547.409
880.629 547.316
878.617 547.326
876.61 547.426
874.603 547.588
872.593 547.709
870.596 547.535
868.771 546.737
867.471 545.229
866.732 543.366
866.395 541.4
866.357 539.399
866.384 537.397
866.393 535.394
866.389 533.383
866.373 531.367
866.312 529.348
866.055 527.339
865.848 525.334
865.764 523.313
865.689 521.276
865.474 519.238
865.295 517.189
865.216 515.123
865.165 513.043
865.141 510.95
865.006 508.852
864.575 506.776
864.165 504.682
863.907 502.554
863.731 500.406
863.593 498.255
863.499 496.1
863.14 494.015
861.855 492.191
861.205 490.125
860.46 488.073
858.951 486.523
857.179 485.253
855.208 484.301
853.219 483.324
851.536 481.916
850.661 479.959
851.393 477.917
852.818 476.189
854.007 474.34
855.327 472.507
855.531 470.329
855.192 468.136
854.241 466.076
853.502 463.943
852.62 461.887
852.082 459.73
851.659 457.531
851.51 455.285
851.387 453.031
851.047 450.809
850.499 448.632
849.638 446.524
849.18 444.304
848.762 442.059
847.976 439.904
847.272 437.763
845.836 436.009
844.387 434.292
842.661 432.805
841.314 431.007
840.299 428.956
839.217 426.956
837.493 425.356
836.218 423.415
834.853 421.532
833.279 419.863
831.429 418.454
829.544 417.091
828.024 415.336
826.65 413.418
825.088 411.699
823.193 410.305
821.145 409.08
819.481 407.378
817.944 405.531
815.998 404.111
814.55 402.28
813.095 400.443
812.174 398.327
811.7 396.077
811.777 393.783
812.194 391.528
812.708 389.303
813.369 387.126
813.777 384.876
813.78 382.573
813.292 380.373
812.029 378.534
810.197 377.167
808.532 375.609
806.789 374.2
804.764 373.241
802.723 372.352
800.718 371.398
798.73 370.388
796.654 369.567
794.49 369.105
792.367 368.529
790.291 367.828
788.188 367.217
786.225 366.235
784.145 365.639
782.034 365.306
779.898 365.232
777.76 365.176
775.674 364.778
773.679 363.977
771.794 362.901
769.783 362.165
767.73 361.621
765.676 361.206
763.596 360.841
761.548 360.233
759.547 359.498
757.474 359.14
755.381 358.875
753.29 358.569
751.258 357.963
749.223 357.419
747.239 356.733
745.456 355.583
743.722 354.329
741.837 353.428
739.774 353.182
737.677 353.1
735.562 353.109
733.454 353.181
731.39 352.856
729.44 351.97
727.383 351.602
725.289 351.436
723.247 351.029
721.444 349.905
719.529 349.067
717.584 348.301
715.541 347.823
713.475 347.42
711.416 347.012
709.375 346.553
707.351 346.017
705.327 345.567
703.316 345.089
701.366 344.346
699.468 343.415
697.583 342.496
695.637 341.715
693.598 341.241
691.566 340.684
689.547 340.057
687.524 339.488
685.453 339.052
683.39 338.686
681.324 338.412
679.257 338.117
677.19 337.779
675.11 337.519
673.018 337.314
671.008 336.739
669.075 335.85
667.268 334.727
665.578 333.417
663.661 332.438
662.089 331.004
660.728 329.381
659.09 328.129
657.133 327.458
655.099 327.059
653.098 326.341
651.034 325.866
648.968 325.478
647.016 324.694
645.11 323.756
643.2 322.81
641.187 322.176
639.145 321.668
637.042 321.375
634.948 321.138
632.885 320.794
630.897 320.141
628.854 319.664
626.815 319.234
625.128 318.005
623.683 316.484
623.388 314.379
623.45 312.238
623.557 310.102
623.802 307.996
624.552 305.988
625.13 303.917
625.279 301.78
625.291 299.62
625.439 297.461
626.311 295.498
627.844 293.962
629.716 292.876
631.567 291.725
633.037 290.139
633.532 288.063
633.385 285.884
632.914 283.744
631.936 281.767
631.052 279.73
629.544 278.09
628.244 276.341
626.965 274.57
625.907 272.68
624.865 270.786
623.819 268.833
623.034 266.776
622.849 264.6
623.426 262.476
624.177 260.401
625.01 258.359
625.519 256.223
626.096 254.102
626.397 251.933
626.557 249.745
626.611 247.537
626.559 245.323
626.368 243.12
626.004 240.929
625.401 238.775
624.691 236.648
623.894 234.529
623.318 232.334
622.616 230.18
622.11 227.961
621.813 225.699
621.333 223.475
620.453 221.37
619.317 219.37
618.177 217.369
616.971 215.387
615.483 213.564
613.849 211.869
612.511 209.972
611.259 207.989
609.52 206.505
607.64 205.158
605.736 203.876
603.938 202.463
602.045 201.171
600.313 199.622
598.535 198.179
596.493 197.192
594.408 196.333
592.405 195.283
590.289 194.526
588.085 194.131
585.875 193.768
583.713 193.209
581.709 192.21
579.637 191.406
577.544 190.686
575.495 189.859
573.349 189.437
571.184 189.264
569.018 189.096
566.896 188.602
564.798 188.004
562.748 187.237
560.666 186.588
558.614 185.866
556.848 184.622
555.358 183.041
554.374 181.09
553.89 178.963
553.528 176.818
552.904 174.728
551.853 172.785
550.977 170.771
550.088 168.729
549.368 166.638
548.788 164.491
548.084 162.363
547.038 160.351
546.16 158.261
545.428 156.132
544.261 154.175
543.171 152.167
541.666 150.398
540.68 148.322
539.684 146.23
538.564 144.183
537.416 142.164
536.257 140.16
534.895 138.259
533.623 136.275
532.407 134.261
530.955 132.422
529.434 130.648
527.6 129.14
525.987 127.411
524.701 125.429
523.164 123.682
521.417 122.148
519.427 120.881
517.608 119.382
516.131 117.512
514.371 115.969
512.511 114.546
510.47 113.416
508.413 112.34
506.627 110.806
504.605 109.718
502.49 108.845
500.393 107.941
498.354 106.882
496.214 106.163
494.028 105.696
491.802 105.543
489.586 105.331
487.472 104.623
485.386 103.838
483.206 103.552
481.003 103.475
478.796 103.434
476.605 103.42
474.418 103.422
472.236 103.474
470.057 103.633
467.88 103.797
465.734 104.155
463.613 104.663
461.473 105.033
459.317 105.204
457.165 105.345
455.049 105.757
452.939 106.229
450.789 106.658
448.684 107.308
446.582 108.008
444.415 108.432
442.224 108.778
440.048 109.245
437.935 109.921
435.94 110.954
433.917 111.919
431.969 113.085
429.849 113.89
427.777 114.791
425.84 116.004
423.826 117.075
421.781 118.046
419.891 119.305
417.95 120.483
415.871 121.404
413.915 122.496
412.161 123.881
410.482 125.348
408.975 127.033
406.986 128.066
405.215 129.526
403.436 130.923
401.693 132.362
399.822 133.651
398.331 135.359
396.668 136.856
394.974 138.289
393.288 139.729
391.449 141.018
389.742 142.495
388.222 144.141
386.871 145.999
385.362 147.72
383.73 149.385
382.771 151.528
381.324 153.415
380.21 155.482
379.128 157.582
378.064 159.702
376.567 161.537
374.682 162.974
372.682 164.293
370.727 165.644
369.17 167.5
367.366 169.06
365.217 170.163
363.342 171.611
361.813 173.421
360.466 175.4
359.165 177.393
357.42 179.038
355.952 180.886
354.586 182.823
353.447 184.873
352.426 186.959
351.024 188.833
349.839 190.814
348.903 192.897
347.932 194.945
346.795 196.912
345.935 198.994
345.097 201.045
344.147 203.046
343.677 205.208
343.136 207.346
341.824 209.185
341.331 211.292
341.044 213.456
340.394 215.531
339.455 217.504
338.701 219.537
338.213 221.636
337.652 223.691
337.273 225.785
336.769 227.847
335.999 229.844
335.414 231.89
334.9 233.958
334.205 235.984
333.668 238.033
333.113 240.066
332.555 242.099
331.874 244.099
331.012 246.04
330.525 248.088
330.293 250.172
330.099 252.247
329.897 254.309
329.664 256.356
329.549 258.414
329.475 260.48
329.334 262.55
328.838 264.554
327.979 266.455
327.612 268.457
327.549 270.511
327.473 272.569
327.426 274.621
327.392 276.671
327.382 278.718
327.393 280.751
327.39 282.779
327.377 284.808
327.33 286.839
327.241 288.875
327.199 290.911
327.16 292.94
327.011 294.957
326.436 296.899
325.961 298.862
325.787 300.868
325.727 302.88
325.726 304.888
325.697 306.897
325.643 308.902
325.527 310.902
325.325 312.891
325.265 314.888
325.221 316.895
325.052 318.901
324.745 320.889
324.587 322.893
324.464 324.904
324.372 326.921
324.276 328.937
324.084 330.949
323.747 332.949
323.497 334.964
323.335 336.969
323.157 338.972
322.951 340.971
322.724 342.97
322.378 344.955
322.141 346.956
321.887 348.951
321.612 350.946
321.274 352.934
321.08 354.945
320.708 356.939
320.193 358.909
319.846 360.913
319.63 362.934
319.512 364.959
319.447 366.984
319.245 368.998
318.677 370.953
318.001 372.882
317.628 374.887
317.155 376.845
316.888 378.84
316.645 380.839
316.309 382.832
315.8 384.786
315.527 386.783
315.355 388.796
315.197 390.812
315.087 392.832
315.103 394.857
315.09 396.883
314.985 398.906
314.883 400.93
314.857 402.956
314.865 404.983
314.926 407.009
315.054 409.026
315.06 411.048
315.083 413.068
315.192 415.087
315.296 417.102
315.319 419.121
315.33 421.138
315.447 423.154
315.658 425.162
315.809 427.176
315.966 429.184
316.204 431.183
316.46 433.193
316.602 435.214
316.725 437.23
316.922 439.237
317.131 441.246
317.197 443.261
317.26 445.267
317.408 447.263
317.592 449.257
317.695 451.263
317.777 453.279
317.828 455.307
317.926 457.335
318.367 459.315
319.03 461.249
319.273 463.256
319.425 465.262
319.496 467.274
319.566 469.289
319.634 471.305
319.795 473.317
320.255 475.289
320.747 477.257
321.029 479.255
321.121 481.293
321.22 483.326
321.338 485.348
321.576 487.353
321.909 489.348
322.031 491.367
322.147 493.389
322.437 495.397
322.792 497.398
323.11 499.408
323.427 501.422
323.726 503.44
324.113 505.437
324.594 507.42
325.075 509.396
325.365 511.393
325.551 513.41
325.746 515.434
326.243 517.414
327.039 519.323
327.317 521.326
327.389 523.354
327.468 525.381
327.728 527.389
328.324 529.343
328.775 531.326
329.053 533.33
329.282 535.334
329.592 537.331
329.929 539.327
330.297 541.32
330.58 543.322
330.825 545.341
331.124 547.356
331.417 549.376
331.716 551.395
332.111 553.388
332.609 555.365
333.117 557.337
333.417 559.337
333.607 561.358
333.755 563.39
334.081 565.406
334.799 567.345
335.232 569.332
335.352 571.369
335.481 573.409
335.869 575.412
336.601 577.341
337.015 579.337
337.175 581.362
337.366 583.377
337.644 585.376
338.006 587.372
338.434 589.368
338.689 591.391
338.884 593.424
339.261 595.434
339.762 597.419
340.406 599.36
341.001 601.316
341.178 603.347
341.284 605.387
341.489 607.424
341.785 609.451
342.332 611.43
343.09 613.352
343.361 615.37
343.57 617.396
343.855 619.419
344.343 621.413
344.704 623.427
344.947 625.443
345.198 627.463
345.449 629.49
345.884 631.49
346.392 633.454
346.719 635.465
347.069 637.48
347.51 639.475
347.99 641.467
348.531 643.443
349.088 645.414
349.447 647.429
349.73 649.461
350.233 651.449
351.057 653.356
351.299 655.375
351.398 657.42
351.571 659.462
351.979 661.464
352.956 663.313
353.396 665.313
353.51 667.362
353.628 669.395
353.944 671.393
354.377 673.382
354.681 675.4
355.034 677.414
355.4 679.431
355.812 681.433
356.41 683.404
357.006 685.379
357.372 687.399
357.589 689.432
357.805 691.47
358.333 693.457
359.095 695.388
359.373 697.406
359.502 699.449
359.755 701.476
360.484 703.397
361.277 705.281
361.582 707.302
361.915 709.322
362.316 711.325
362.673 713.337
363.098 715.334
363.6 717.324
364.128 719.309
364.513 721.335
364.727 723.38
364.941 725.419
365.314 727.43
365.638 729.451
365.942 731.483
366.596 733.449
367.196 735.425
367.403 737.46
367.487 739.511
367.727 741.546
368.536 743.448
369.282 745.352
369.554 747.377
369.867 749.399
370.245 751.413
370.577 753.434
370.942 755.449
371.39 757.455
371.755 759.48
372.158 761.494
372.657 763.49
373.169 765.48
373.552 767.493
373.898 769.529
374.569 771.488
375.256 773.439
375.563 775.47
375.913 777.496
376.646 779.438
377.181 781.427
377.655 783.426
378.241 785.398
378.562 787.429
378.917 789.457
379.333 791.478
379.824 793.476
380.47 795.437
381.083 797.4
381.438 799.408
381.7 801.448
382.172 803.448
383.049 805.346
383.33 807.368
383.465 809.419
383.803 811.443
384.552 813.373
385.201 815.328
385.59 817.33
385.958 819.347
386.402 821.36
386.725 823.385
387.02 825.415
387.467 827.425
387.987 829.419
388.587 831.383
389.123 833.364
389.28 835.412
389.39 837.471
389.713 839.502
390.314 841.489
391.09 843.425
391.411 845.464
391.598 847.53
391.938 849.573
392.679 851.531
393.212 853.541
393.721 855.553
394.328 857.538
394.705 859.57
395.081 861.615
395.533 863.662
396.04 865.69
396.612 867.712
397.14 869.742
397.487 871.808
397.71 873.909
398.159 875.976
398.98 877.964
399.449 880.041
399.938 882.151
400.733 884.178
401.257 886.27
401.723 888.369
402.146 890.486
402.604 892.613
403.366 894.658
404.361 896.633
405.082 898.696
405.748 900.765
407.073 902.57
407.768 904.649
409.058 906.411
410.266 908.186
411.884 909.626
413.388 911.207
415.214 912.346
416.999 913.526
418.947 914.366
420.932 915.152
422.978 915.733
425.057 916.217
427.136 916.627
429.198 917.154
431.03 918.211
431.553 920.212
431.128 922.277
429.817 924.076
429.188 926.142
428.434 928.169
427.531 930.152
426.562 932.11
425.521 934.023
424.093 935.75
423.243 937.801
421.802 939.517
420.862 941.484
420.173 943.59
419.204 945.589
418.204 947.555
417.194 949.523
415.829 951.351
415.181 953.527
413.702 955.262
412.611 957.195
411.704 959.243
410.769 961.276
409.908 963.32
408.892 965.307
407.681 967.237
407.114 969.442
405.623 971.194
404.489 973.138
403.4 975.128
402.349 977.137
401.585 979.242
400.721 981.31
399.522 983.243
398.421 985.213
397.205 987.111
396.109 989.068
394.908 990.983
394.015 993.046
393.28 995.144
391.961 996.989
391.148 999.081
389.691 1000.81
388.82 1002.83
388.072 1004.92
387.026 1006.88
386.08 1008.88
385.731 1011.05
385.589 1013.25
385.345 1015.43
385.027 1017.62
384.505 1019.77
383.885 1021.91
383.406 1024.08
383.038 1026.27
382.375 1028.39
381.93 1030.55
382.081 1032.7
382.898 1034.7
384.241 1036.41
386.154 1037.46
388.288 1037.93
390.455 1038.25
392.656 1038.08
394.858 1037.93
397.064 1037.92
399.266 1037.99
401.468 1038.13
403.672 1038.27
405.881 1038.26
408.089 1038.1
410.296 1038.01
412.498 1037.92
414.693 1037.77
416.879 1037.55
419.072 1037.49
421.266 1037.46
423.454 1037.33
425.595 1036.89
427.638 1036.09
429.505 1034.87
431.449 1033.77
433.42 1032.74
435.221 1031.44
436.803 1029.77
438.869 1028.91
440.974 1028.13
442.783 1026.83
444.545 1025.48
445.935 1023.72
447.131 1021.8
447.423 1019.6
446.936 1017.42
446.008 1015.32
445.684 1013.14
446.029 1010.96
447.112 1009.01
448.33 1007.13
449.635 1005.25
451.201 1003.61
452.976 1002.14
454.449 1000.4
455.812 998.572
457.428 996.875
458.776 995.002
460.112 993.109
461.246 991.068
462.529 989.086
463.839 987.139
465.597 985.504
466.895 983.52
468.13 981.476
469.292 979.416
470.74 977.516
471.635 975.299
473.162 973.446
474.578 971.569
476.019 969.696
477.225 967.664
478.282 965.572
479.61 963.644
480.915 961.699
481.995 959.626
483.399 957.773
484.675 955.859
485.806 953.839
487.186 951.948
488.326 950.012
489.657 948.194
490.783 946.268
491.98 944.398
493.275 942.591
494.1 940.529
495.267 938.655
496.597 936.915
497.731 935.049
498.617 933.044
499.715 931.154
500.693 929.225
501.584 927.261
502.783 925.452
503.897 923.605
505.665 922.405
507.711 921.852
509.822 921.751
511.942 921.771
514.034 921.826
516.125 921.851
518.219 921.855
520.307 921.87
522.384 921.881
524.454 921.885
526.516 921.903
528.577 921.917
530.636 921.943
532.686 921.972
534.728 921.962
536.766 921.914
538.803 921.923
540.834 921.972
542.856 922.112
544.855 922.412
546.863 922.581
548.882 922.672
550.905 922.641
552.912 922.501
554.918 922.452
556.929 922.434
558.944 922.423
560.961 922.389
562.972 922.342
564.972 922.281
566.965 922.308
568.962 922.417
570.963 922.438
572.958 922.443
574.948 922.484
576.946 922.56
578.943 922.584
580.941 922.587
582.938 922.59
584.936 922.602
586.933 922.705
588.932 922.856
590.939 922.972
592.95 923.046
594.942 923.321
596.918 923.7
598.906 924.005
600.902 924.237
602.905 924.396
604.91 924.55
606.92 924.638
608.927 924.609
610.931 924.49
612.938 924.356
614.948 924.299
616.953 924.362
618.956 924.392
620.96 924.397
622.963 924.396
624.966 924.396
626.969 924.397
628.971 924.391
630.973 924.356
632.978 924.295
634.984 924.274
636.99 924.276
638.996 924.289
641.004 924.296
643.012 924.294
645.021 924.285
647.03 924.267
649.033 924.286
651.033 924.398
653.032 924.548
655.036 924.668
657.036 924.704
659.038 924.645
661.043 924.555
663.053 924.526
665.052 924.56
667.05 924.578
669.047 924.576
671.046 924.603
673.049 924.617
675.054 924.62
677.059 924.619
679.065 924.61
681.074 924.596
683.081 924.593
685.089 924.585
687.097 924.54
689.114 924.466
691.133 924.443
693.154 924.461
695.175 924.526
697.187 924.575
699.2 924.483
701.212 924.347
703.225 924.181
705.206 923.792
707.148 923.209
709.106 922.723
711.097 922.48
713.106 922.399
715.118 922.391
717.134 922.385
719.15 922.426
721.154 922.597
723.129 923.004
725.079 923.592
727.067 923.993
729.084 923.976
731.079 923.593
733.067 923.168
735.071 922.881
737.086 922.694
739.089 922.472
741.081 922.273
743.07 922.192
745.074 922.195
747.07 922.113
749.061 922.051
751.044 922.055
753.04 922.087
755.035 922.081
757.029 922.067
759.02 922.047
761.001 922.06
762.976 922.216
764.951 922.428
766.935 922.598
768.922 922.651
770.901 922.575
772.867 922.423
774.816 922.152
776.729 921.696
778.677 921.456
780.61 921.168
782.439 920.468
784.268 919.772
786.107 920.024
787.505 921.492
789.135 922.683
790.195 924.309
790.793 926.148
790.74 928.122
790.97 930.077
791.468 931.99
791.917 933.931
792.234 935.91
791.773 937.858
790.761 939.628
789.885 941.453
789.33 943.403
788.816 945.387
788.641 947.424
788.634 949.478
788.701 951.545
788.76 953.612
788.766 955.689
788.781 957.775
788.858 959.866
789.018 961.946
789.59 963.93
791.012 965.598
791.434 967.663
791.972 969.676
793.406 971.277
794.482 973.077
795.347 975.003
796.107 976.964
796.514 979.016
796.734 981.089
796.781 983.163
796.73 985.259
796.559 987.334
796.039 989.351
795.452 991.371
795.159 993.43
795.116 995.504
795.548 997.531
796.337 999.469
797.036 1001.44
797.356 1003.51
797.846 1005.54
799.081 1007.34
799.292 1009.42
799.329 1011.52
799.339 1013.61
799.325 1015.72
799.308 1017.84
799.305 1019.96
799.293 1022.09
799.243 1024.22
799.252 1026.36
799.555 1028.46
800.466 1030.38
801.723 1032.12
803.095 1033.79
804.874 1035.04
806.76 1036.17
808.65 1037.23
810.762 1037.67
812.926 1037.85

24

821.552 478.243
819.962 476.685
818.487 475.053
816.82 473.307
815.618 471.499
815.091 469.507
814.476 467.452
815.202 465.587
817.246 465.676
818.409 467.866
819.834 469.674
821.581 471.292
823.722 471.208
825.875 470.55
828.013 470.446
830.036 470.445
832.054 470.482
833.44 471.635
833.173 473.35
831.294 474.309
829.151 475.327
827.21 476.599
825.452 478.181
823.518 478.541

