CONTOUR

1

1705

604.83 1105.14
607.092 1105.32
609.358 1105.35
611.62 1105.31
613.855 1105.03
615.902 1103.99
618.032 1103.13
619.826 1101.64
621.851 1100.61
623.881 1099.54
625.916 1098.43
627.969 1097.43
629.813 1096.05
631.887 1095.1
633.805 1093.74
635.829 1092.61
637.797 1091.4
639.622 1089.96
641.094 1088.15
642.029 1086.05
642.911 1083.94
644.075 1081.94
645.064 1079.86
645.957 1077.76
647.065 1075.77
647.901 1073.66
648.899 1071.62
649.583 1069.48
650.382 1067.41
651.453 1065.46
652.592 1063.54
653.429 1061.47
653.993 1059.33
654.998 1057.34
655.881 1055.32
657.217 1053.49
658.064 1051.45
658.887 1049.41
659.853 1047.43
660.686 1045.38
661.323 1043.28
661.911 1041.18
663.103 1039.29
663.778 1037.18
664.726 1035.18
665.489 1033.12
666.373 1031.1
667.313 1029.12
668.363 1027.18
669.271 1025.19
670.05 1023.15
671.054 1021.18
672.013 1019.19
673.068 1017.25
673.682 1015.15
674.347 1013.07
675.31 1011.1
676.452 1009.22
677.342 1007.21
677.92 1005.09
678.865 1003.11
679.819 1001.15
681.025 999.305
681.783 997.261
682.493 995.194
683.239 993.144
683.9 991.079
684.499 988.991
685.111 986.898
685.875 984.874
687.321 983.185
688.347 981.25
689.068 979.195
689.61 977.094
690.59 975.138
691.706 973.238
692.582 971.238
693.195 969.152
693.848 967.074
694.716 965.053
695.531 963.028
696.23 960.952
697.102 958.921
697.436 956.755
697.557 954.561
697.828 952.404
698.643 950.414
700.002 948.724
701.535 947.185
703.322 945.962
705.289 945.082
707.206 944.084
709.173 943.152
711.136 942.191
713.128 941.354
715.24 940.929
717.366 940.546
719.408 939.837
721.374 938.881
723.454 938.265
725.545 937.682
727.456 936.642
729.254 935.4
730.928 933.959
732.971 933.268
735.081 932.695
737.07 931.783
739.085 930.935
741.208 930.426
743.337 929.927
745.423 929.261
747.454 928.382
749.424 927.364
751.265 926.118
753.163 925.004
755.141 924.069
757.086 923.033
759.108 922.153
761.139 921.364
763.243 920.775
765.3 920.008
767.37 919.254
769.08 917.81
770.954 916.671
772.908 915.654
774.801 914.538
776.777 913.596
778.927 913.153
781.052 912.589
783.06 911.68
785.017 910.718
786.821 909.459
788.772 908.481
790.746 907.548
792.779 906.671
794.83 905.897
796.892 905.184
798.722 903.882
800.837 903.351
802.877 902.556
804.93 901.841
807.051 901.342
809.068 900.523
810.985 899.49
812.918 898.482
814.964 897.738
817.026 897.032
818.947 895.998
820.875 894.993
822.774 893.904
824.797 893.121
826.823 892.369
828.763 891.382
830.693 890.377
832.67 889.502
834.789 889.087
836.922 888.676
838.699 887.459
840.302 885.978
842.324 885.247
844.388 884.684
846.389 883.952
848.313 882.998
850.295 882.2
852.183 881.235
853.839 879.828
855.8 878.977
857.718 878.033
859.81 877.68
861.9 877.307
863.744 876.229
865.548 875.09
867.502 874.295
869.447 873.493
871.227 872.318
873.231 871.685
875.147 870.895
876.774 869.529
878.638 868.651
880.52 867.802
882.366 866.882
884.366 866.649
886.24 867.385
887.736 868.797
889.264 870.183
890.094 872.01
890.608 873.994
891.439 875.862
892.441 877.654
893.317 879.519
894.293 881.332
895.486 883.001
896.799 884.571
898.319 885.951
899.836 887.393
900.828 889.187
901.264 891.174
901.382 893.209
901.401 895.251
901.374 897.297
901.319 899.33
901.098 901.355
900.493 903.33
899.652 905.232
899.148 907.229
899.105 909.289
899.437 911.337
899.968 913.369
900.5 915.396
900.941 917.449
901.416 919.496
901.74 921.561
901.924 923.652
902.322 925.721
902.675 927.802
902.49 929.907
901.959 931.983
901.727 934.102
901.669 936.24
901.701 938.384
901.927 940.518
902.643 942.554
903.684 944.437
905.183 946.068
906.437 947.882
908.085 949.268
910.007 950.275
911.918 951.342
914.084 951.642
916.285 951.643
918.479 951.626
920.67 951.683
922.864 951.696
925.058 951.682
927.251 951.707
929.453 951.661
931.598 951.305
933.605 950.394
935.665 949.659
937.814 949.215
939.855 948.526
941.666 947.342
943.468 946.11
945.199 944.786
946.339 942.967
947.029 940.891
947.739 938.816
948.182 936.69
948.284 934.523
948.289 932.355
948.305 930.195
948.368 928.044
948.392 925.911
948.255 923.786
948.112 921.661
948.134 919.538
948.329 917.429
948.671 915.354
949.12 913.312
949.646 911.272
949.959 909.212
949.976 907.125
949.81 905.056
949.388 903.024
948.983 900.975
948.665 898.921
948.4 896.849
948.312 894.754
948.489 892.662
948.884 890.608
949.502 888.605
950.6 886.796
951.546 884.903
952.702 883.136
953.75 881.324
954.733 879.467
955.812 877.653
956.582 875.715
957.073 873.685
957.411 871.621
957.555 869.528
957.559 867.43
957.45 865.356
957.137 863.32
956.615 861.324
955.816 859.417
954.807 857.601
953.946 855.735
953.329 853.794
952.854 851.813
952.217 849.868
951.49 847.956
950.962 845.998
951.136 843.98
951.466 841.984
951.724 839.989
951.939 837.992
951.964 835.97
952.427 834.032
953.364 832.264
955.012 831.189
956.937 830.625
958.901 830.332
960.887 830.267
962.883 830.283
964.887 830.289
966.9 830.261
968.916 830.146
970.941 830.067
972.971 830.028
975.005 829.962
977.06 829.851
979.126 829.818
981.203 829.911
983.292 830.027
985.376 830.04
987.469 830.034
989.57 830.018
991.679 829.958
993.785 829.874
995.9 829.719
998.002 829.364
999.969 828.481
1001.92 827.533
1003.85 826.505
1005.83 825.578
1007.72 824.415
1009.73 823.448
1011.7 822.442
1013.5 821.164
1014.49 819.175
1015.23 817.08
1015.08 814.875
1014.43 812.71
1013.88 810.539
1013.53 808.34
1012.89 806.217
1012.13 804.129
1011.12 802.14
1010.19 800.13
1009.32 798.121
1008.41 796.137
1007.61 794.103
1006.87 792.042
1005.78 790.163
1005.14 788.128
1004.4 786.143
1003.55 784.195
1002.82 782.202
1002.41 780.132
1002.1 778.042
1001.65 775.984
1001.02 773.974
1000.19 772.033
999.729 769.997
999.551 767.906
999.352 765.803
999.099 763.711
998.552 761.669
997.911 759.647
997.441 757.589
996.939 755.525
996.314 753.465
995.615 751.412
994.935 749.349
994.482 747.226
994.751 745.106
996.24 743.624
998.283 743.712
999.597 745.432
1000.56 747.444
1001.53 749.445
1002.31 751.53
1003.11 753.594
1004.43 755.365
1006.01 756.915
1007.73 758.322
1009.57 759.611
1011.49 760.756
1013.65 761.273
1015.87 761.169
1018.01 760.493
1019.96 759.349
1021.74 757.936
1023.65 756.684
1025.46 755.266
1027.08 753.664
1028.49 751.825
1030.01 750.168
1031.68 748.625
1033.5 747.222
1035.03 745.545
1036.35 743.653
1037.72 741.836
1039.48 740.367
1041.11 738.778
1042.41 736.938
1043.82 735.147
1045.35 733.418
1046.82 731.68
1047.97 729.727
1049.24 727.803
1049.76 725.622
1049.77 723.374
1049.4 721.161
1048.46 719.06
1047.79 716.879
1047.91 714.623
1049.08 712.68
1050.54 710.927
1052.15 709.307
1053.6 707.552
1055.23 705.933
1057.07 704.632
1058.92 703.371
1060.77 702.063
1062.79 701.049
1064.64 699.77
1066.58 698.678
1068.56 697.631
1070.4 696.327
1072.38 695.31
1074.38 694.287
1076.27 693.106
1077.93 691.568
1079.81 690.363
1081.92 689.462
1083.66 687.963
1085.54 686.742
1087.43 685.517
1089.29 684.252
1090.98 682.786
1092.62 681.263
1093.99 679.446
1095.6 677.829
1097.49 676.525
1099.11 674.95
1100.59 673.248
1101.87 671.356
1103.49 669.724
1105.41 668.443
1107.09 666.896
1108.62 665.202
1109.91 663.28
1111.54 661.592
1113.29 660.036
1114.74 658.226
1116.23 656.404
1117.57 654.506
1119.17 652.793
1120.5 650.92
1121.88 649.09
1123.21 647.192
1124.46 645.218
1125.77 643.296
1126.61 642.455
1127.45 641.615
1128.77 639.66
1129.92 637.618
1131.12 635.613
1132.16 633.525
1132.91 631.331
1133.38 629.068
1133.52 626.761
1133.47 624.461
1132.97 622.245
1131.83 620.299
1130.18 618.733
1128.24 617.53
1126.51 616.064
1124.57 614.945
1122.57 613.971
1120.48 613.22
1118.62 612.017
1116.67 611.079
1114.54 610.698
1112.36 610.594
1110.27 610.027
1108.79 608.491
1108.41 606.394
1108.86 604.28
1109.56 602.239
1110.45 600.241
1111.27 598.226
1111.63 596.086
1111.69 593.91
1111.68 591.733
1111.63 589.535
1111.52 587.352
1111.35 585.165
1111.02 582.984
1109.72 581.117
1108.81 579.08
1107.85 577.073
1106.67 575.155
1105.72 573.09
1104.58 571.141
1103.19 569.366
1101.51 567.778
1099.76 566.327
1097.93 564.972
1095.83 564.084
1093.74 563.199
1091.58 562.584
1089.35 562.335
1087.1 562.14
1084.85 562.047
1082.6 562.125
1080.35 562.286
1078.11 562.545
1075.9 562.971
1073.77 563.736
1071.64 564.496
1069.49 565.081
1067.26 565.256
1065.03 565.41
1062.86 565.878
1060.83 566.842
1058.86 567.939
1056.91 569.048
1054.82 569.815
1052.7 570.557
1050.71 571.618
1048.78 572.765
1046.82 573.867
1044.86 574.992
1042.82 575.959
1041.26 577.673
1039.41 579.043
1037.55 580.43
1035.7 581.777
1033.98 583.344
1032 584.52
1029.77 584.685
1027.69 583.707
1025.76 582.439
1023.71 581.384
1021.79 580.141
1020.04 578.643
1018.34 577.092
1016.79 575.364
1015.45 573.448
1013.98 571.618
1012.84 569.609
1011.78 567.547
1010.55 565.579
1009.16 563.748
1007.47 562.133
1005.84 560.461
1004.34 558.72
1002.9 556.88
1001.29 555.212
999.477 553.737
997.588 552.371
995.682 551.068
993.714 549.854
991.604 548.887
989.656 547.619
987.615 546.566
985.418 545.914
983.199 545.375
980.968 544.889
978.945 543.862
977.123 542.498
975.342 541.069
973.709 539.453
972.556 537.49
971.4 535.515
970 533.729
968.183 532.389
966.239 531.236
964.258 530.181
962.414 528.934
961.089 527.117
960.031 525.107
959.528 522.911
959.417 520.638
959.439 518.369
959.254 516.114
958.638 513.938
957.856 511.81
957.175 509.679
956.523 507.539
955.604 505.49
954.54 503.499
953.689 501.419
952.719 499.397
951.422 497.553
950.109 495.707
948.834 493.86
947.449 492.108
945.95 490.444
944.307 488.898
943.085 487.02
941.586 485.288
939.69 484.041
937.661 482.987
935.453 482.434
933.185 482.21
930.91 482.06
928.643 481.82
926.401 481.413
924.137 481.219
921.887 480.924
919.694 480.298
917.641 479.357
916.162 477.637
914.747 475.903
913.289 474.214
911.47 472.868
909.8 471.334
908.52 469.443
906.928 467.86
905.18 466.442
903.191 465.35
901.181 464.286
899.273 463.043
897.374 461.76
895.361 460.672
893.27 459.746
891.052 459.169
888.803 458.766
886.528 458.607
884.256 458.608
882.038 459.01
879.941 459.892
877.909 460.9
875.77 461.63
873.837 462.834
871.766 463.705
869.936 465.013
867.892 465.786
865.849 466.558
863.826 467.388
861.779 468.183
859.7 468.848
857.581 469.284
855.442 469.516
853.356 469.956
851.52 471.096
849.687 472.265
847.703 473.112
845.723 473.865
843.809 474.767
841.988 475.854
840.174 477.003
838.221 477.827
836.284 478.685
834.258 479.349
832.175 479.764
830.2 480.453
828.215 481.083
826.181 481.52
824.168 482.085
822.212 482.845
820.253 483.576
818.254 484.171
816.233 484.599
814.211 484.987
812.165 485.1
810.129 485.176
808.107 485.304
806.096 485.516
804.079 485.59
802.062 485.629
800.045 485.638
798.031 485.633
796.019 485.675
794.007 485.757
792.014 485.991
790.122 486.684
788.187 487.21
786.216 487.532
784.235 487.715
782.229 487.723
780.286 488.195
778.386 488.879
776.419 489.07
774.475 488.677
772.6 487.943
770.666 487.614
768.685 487.481
766.776 486.954
765.603 485.354
765.252 483.389
765.467 481.406
765.919 479.47
766.766 477.625
767.411 475.714
767.658 473.71
767.844 471.694
768.423 469.766
769.072 467.848
769.373 465.861
769.562 463.856
769.919 461.88
770.478 459.94
771.081 458.001
771.506 456.025
771.879 454.033
772.192 452.026
772.409 450.004
772.621 447.978
772.899 445.955
773.044 443.913
773.139 441.866
773.254 439.816
773.393 437.777
773.415 435.729
773.409 433.675
773.39 431.615
773.388 429.552
773.435 427.476
773.491 425.383
773.509 423.275
773.498 421.167
773.454 419.055
773.365 416.934
773.082 414.821
772.836 412.678
772.55 410.525
772.007 408.411
770.944 406.439
770.24 404.335
769.852 402.143
769.434 399.959
768.647 397.884
767.603 395.913
766.502 393.95
765.636 391.882
764.83 389.8
763.864 387.791
762.662 385.894
761.462 384.002
759.822 382.452
758.871 380.436
757.297 378.871
755.865 377.235
754.706 375.377
753.588 373.507
751.903 372.104
750.614 370.406
749.049 368.927
747.77 367.186
746.508 365.389
745 363.809
743.251 362.414
741.391 361.098
739.879 359.376
738.391 357.596
736.536 356.242
734.618 354.953
732.682 353.688
730.919 352.163
728.801 351.264
727.049 349.759
725.066 348.647
723.081 347.559
721.112 346.468
719.038 345.621
716.837 345.188
714.697 344.563
712.615 343.716
710.484 343.124
708.411 342.306
706.27 341.77
704.124 341.35
702.025 340.743
699.876 340.438
697.712 340.265
695.555 340.079
693.398 340.039
691.257 340.218
689.149 340.563
687.11 341.212
685.024 341.558
682.91 341.711
680.843 342.071
678.914 342.938
676.86 343.471
674.908 344.246
672.983 345.072
670.992 345.64
668.949 346.067
666.928 346.566
665.035 347.407
663.212 348.424
661.271 349.095
659.262 349.54
657.404 350.395
655.656 351.477
653.909 352.523
652.062 353.28
650.193 352.7
648.652 351.334
647.211 349.874
645.96 348.294
645.622 346.331
646 344.357
647.18 342.667
648.177 340.892
649.368 339.224
650.005 337.299
650.637 335.339
651.491 333.449
652.141 331.499
652.144 329.448
651.851 327.389
651.845 325.315
652.248 323.28
652.733 321.267
653.357 319.279
653.78 317.256
653.986 315.181
654.434 313.142
655.291 311.214
655.916 309.195
656.165 307.104
655.969 304.999
655.492 302.919
655.349 300.808
655.791 298.781
657.381 297.26
658.516 295.462
659.493 293.565
660.488 291.699
661.152 289.709
661.552 287.643
661.96 285.578
662.738 283.594
663.278 281.546
663.365 279.412
663.277 277.273
663.105 275.133
662.973 272.986
663.081 270.837
663.461 268.708
663.839 266.598
664.5 264.533
664.857 262.416
664.29 260.36
663.181 258.488
662.08 256.607
661.374 254.555
660.927 252.426
660.603 250.264
660.308 248.091
659.971 245.913
659.524 243.749
659 241.598
658.417 239.46
657.868 237.314
657.216 235.203
655.972 233.332
655.068 231.287
653.639 229.515
652.666 227.507
651.771 225.45
650.7 223.466
649.422 221.627
647.585 220.318
645.795 218.962
644.191 217.445
642.649 215.819
640.734 214.68
639.063 213.181
637.095 212.115
635.139 211.032
633.071 210.224
630.957 209.541
628.804 209.096
626.64 208.627
624.517 207.969
622.386 207.445
620.216 207.055
618.091 206.48
615.952 206.003
613.782 205.808
611.603 205.794
609.428 205.834
607.257 205.913
605.102 206.194
602.992 206.75
600.857 207.113
598.687 207.064
596.503 207.062
594.32 207.185
592.136 207.298
589.941 207.395
587.751 207.53
585.585 207.85
583.475 208.526
581.327 209.01
579.128 209.154
576.936 209.347
574.822 209.97
572.753 210.782
570.766 211.826
568.752 212.779
566.703 213.671
564.681 214.655
562.827 215.962
560.903 217.145
558.876 218.146
556.907 219.302
555.116 220.719
553.396 222.229
551.533 223.605
549.815 225.162
548.258 226.827
546.787 228.577
545.4 230.39
543.712 231.968
542.359 233.831
540.867 235.57
539.496 237.382
538.377 239.366
537.346 241.395
535.811 243.119
534.892 245.185
533.698 247.113
532.424 248.95
531.256 250.842
530.384 252.88
529.746 254.988
529.188 257.104
528.597 259.209
527.913 261.292
527.467 263.435
527.232 265.599
526.899 267.741
526.346 269.837
525.951 271.951
525.825 274.086
525.772 276.219
525.763 278.345
525.784 280.461
525.811 282.571
525.797 284.676
525.718 286.774
525.618 288.87
525.874 290.933
526.717 292.883
527.042 294.909
526.154 296.716
524.396 297.812
522.333 298.055
520.418 297.323
518.885 295.845
517.257 294.499
515.892 292.866
514.371 291.383
512.68 290.077
510.915 288.834
509.096 287.578
507.326 286.244
505.369 285.232
503.403 284.201
501.552 282.935
499.645 281.794
497.753 280.585
495.856 279.354
494.13 277.869
492.009 277.2
489.85 276.574
487.825 275.561
485.842 274.487
483.85 273.474
481.993 272.161
479.932 271.232
478.092 269.918
475.956 269.34
473.768 268.91
471.689 268.116
469.755 266.981
467.67 266.266
465.513 265.781
463.396 265.156
461.377 264.225
459.421 263.172
457.543 261.983
455.555 260.981
453.775 259.637
452 258.324
450.12 257.153
448.329 255.775
446.194 255.106
444.226 254.025
442.105 253.411
440.021 252.747
438.047 251.768
436.086 250.776
433.98 250.154
431.854 249.603
429.783 248.941
427.838 247.921
425.814 247.065
423.736 246.329
421.69 245.56
419.552 245.146
417.402 244.745
415.321 244.038
413.305 243.145
411.232 242.424
409.189 241.628
407.346 240.395
405.664 238.968
404.701 236.965
403.769 234.933
402.607 233.012
401.554 231.021
400.7 228.91
399.511 226.969
398.222 225.09
397.167 223.068
396.146 220.98
394.845 219.052
393.461 217.196
391.9 215.422
391.111 213.177
389.418 211.525
387.903 209.754
386.626 207.783
385.353 205.834
383.554 204.35
381.792 202.83
380.237 201.147
378.735 199.377
377.231 197.594
375.342 196.241
373.363 194.975
371.494 193.594
369.8 191.947
367.561 191.251
365.618 189.939
363.433 189.356
361.178 189.043
359.026 188.334
356.951 187.401
354.808 186.655
352.59 186.275
350.348 186.116
348.102 186.018
345.864 185.882
343.631 185.717
341.412 185.593
339.193 185.567
336.977 185.565
334.763 185.584
332.544 185.588
330.326 185.597
328.111 185.673
325.897 185.843
323.681 185.964
321.471 186.129
319.285 186.483
317.161 187.136
315.117 188.041
313.028 188.782
311.004 189.68
309.046 190.731
307.246 192.063
305.283 193.066
303.207 193.825
301.291 194.927
299.554 196.312
297.842 197.72
296.171 199.231
294.152 200.148
292.534 201.671
290.818 203.056
289.174 204.542
287.446 205.973
285.902 207.635
284.571 209.474
283.207 211.275
282.088 213.23
281.156 215.305
279.927 217.218
278.885 219.227
277.524 221.079
276.449 223.094
275.163 224.976
274.285 227.045
273.67 229.221
272.83 231.318
271.69 233.272
270.822 235.338
269.876 237.358
269.112 239.436
268.067 241.394
266.967 243.324
266.187 245.383
265.51 247.471
264.788 249.529
263.764 251.472
262.903 253.488
262.296 255.573
261.926 257.714
261.686 259.857
261.429 261.981
260.879 264.046
260.509 266.143
260.335 268.262
260.222 270.383
260.201 272.502
260.313 274.611
260.509 276.704
260.879 278.765
261.417 280.786
261.606 282.853
261.713 284.914
261.789 286.972
261.92 289.021
262.372 291.024
263.017 292.985
263.208 295.018
263.241 297.063
263.296 299.107
263.398 301.147
263.559 303.183
263.964 305.181
264.582 307.137
265.045 309.125
265.328 311.142
265.634 313.16
265.778 315.19
265.911 317.216
266.149 319.23
266.422 321.229
266.608 323.239
266.791 325.253
266.957 327.271
267.108 329.286
267.275 331.302
267.447 333.318
267.653 335.333
267.972 337.347
268.331 339.351
268.677 341.349
269.153 343.315
269.545 345.288
269.714 347.295
269.823 349.317
269.893 351.349
270.136 353.361
270.701 355.32
271.182 357.295
271.47 359.308
271.93 361.288
272.481 363.25
272.914 365.229
273.175 367.227
273.38 369.252
273.472 371.281
273.543 373.304
273.66 375.318
273.836 377.338
273.971 379.358
274.11 381.378
274.404 383.382
274.777 385.378
275.106 387.383
275.501 389.379
276.098 391.328
276.71 393.294
277.057 395.311
277.2 397.343
277.422 399.362
277.702 401.373
278.12 403.36
278.879 405.268
279.224 407.261
279.35 409.282
279.453 411.307
279.649 413.33
279.992 415.339
280.531 417.306
281.002 419.286
281.191 421.304
281.429 423.309
281.768 425.306
281.92 427.323
282.063 429.34
282.315 431.347
282.628 433.334
282.897 435.333
283.202 437.33
283.559 439.324
284 441.317
284.355 443.323
284.666 445.327
285.132 447.296
285.546 449.267
285.704 451.274
285.777 453.295
285.782 455.325
285.875 457.354
286.37 459.325
287.062 461.253
287.318 463.266
287.435 465.291
287.645 467.309
288.162 469.283
288.713 471.252
289.016 473.264
289.144 475.293
289.253 477.317
289.463 479.328
289.788 481.328
289.955 483.343
290.096 485.36
290.392 487.358
290.777 489.338
291.11 491.33
291.448 493.324
291.812 495.317
292.218 497.311
292.527 499.321
292.824 501.326
293.236 503.308
293.575 505.298
293.717 507.316
293.805 509.347
293.925 511.382
294.311 513.374
294.961 515.314
295.273 517.315
295.397 519.339
295.519 521.368
295.844 523.374
296.535 525.301
297.15 527.244
297.443 529.253
297.54 531.28
297.635 533.293
297.923 535.28
298.356 537.255
298.52 539.266
298.622 541.281
298.756 543.295
298.97 545.307
299.27 547.311
299.628 549.303
300.213 551.242
300.82 553.192
301.045 555.214
301.168 557.24
301.377 559.255
301.633 561.255
301.712 563.27
301.771 565.293
301.808 567.322
301.971 569.34
302.504 571.3
303.121 573.24
303.348 575.249
303.434 577.263
303.51 579.282
303.675 581.304
304.004 583.31
304.607 585.251
305.053 587.223
305.237 589.23
305.453 591.226
305.743 593.218
305.855 595.228
305.956 597.242
306.175 599.25
306.401 601.256
306.515 603.27
306.627 605.284
306.82 607.291
307.092 609.292
307.286 611.304
307.491 613.319
307.796 615.323
308.206 617.317
308.512 619.326
308.799 621.329
309.219 623.308
309.586 625.295
309.712 627.315
309.806 629.343
310.011 631.365
310.536 633.34
311.053 635.318
311.306 637.342
311.437 639.383
311.678 641.408
312.306 643.357
312.987 645.293
313.341 647.299
313.619 649.319
313.754 651.352
313.924 653.378
314.215 655.389
314.52 657.393
314.754 659.407
315.051 661.415
315.449 663.411
315.932 665.404
316.349 667.406
316.698 669.415
317.173 671.394
317.532 673.396
317.673 675.428
317.854 677.453
318.355 679.426
319.051 681.361
319.324 683.384
319.508 685.423
319.897 687.428
320.58 689.366
321.043 691.353
321.251 693.374
321.524 695.378
321.878 697.374
322.091 699.392
322.26 701.424
322.474 703.458
322.829 705.481
323.438 707.446
324.107 709.392
324.636 711.372
325.063 713.358
325.208 715.383
325.319 717.411
325.532 719.434
325.852 721.452
326.414 723.422
327.082 725.367
327.323 727.396
327.492 729.434
327.937 731.428
328.693 733.353
329.218 735.333
329.448 737.366
329.545 739.408
329.679 741.442
330.046 743.447
330.504 745.444
330.768 747.476
331.036 749.513
331.46 751.529
331.965 753.547
332.384 755.581
332.74 757.622
333.254 759.629
333.57 761.674
333.764 763.746
334.139 765.799
334.926 767.765
335.316 769.837
335.654 771.926
336.33 773.94
337.109 775.927
337.398 778.02
337.62 780.132
337.924 782.242
338.19 784.363
338.582 786.465
339.316 788.486
340.308 790.408
341.294 792.343
341.763 794.463
342.257 796.584
343.097 798.604
343.908 800.62
345.342 802.325
346.517 804.17
347.818 805.929
349.081 807.734
350.454 809.485
352.064 810.992
353.922 812.271
355.666 813.666
357.325 815.214
359.532 815.834
361.351 817.213
363.309 818.264
365.252 819.328
367.158 820.456
369.047 821.579
370.997 822.529
372.894 823.593
374.703 824.818
376.28 826.28
377.557 827.999
377.823 830.083
377.437 832.183
377.037 834.281
376.36 836.314
375.721 838.36
375.172 840.407
374.372 842.392
373.835 844.447
373.46 846.518
372.857 848.53
372.178 850.519
371.282 852.446
370.555 854.428
370.077 856.472
369.704 858.527
369.444 860.609
369.017 862.641
367.919 864.483
367.39 866.524
366.722 868.504
365.882 870.453
365.355 872.481
364.84 874.506
364.182 876.51
363.504 878.504
362.836 880.492
362.297 882.515
361.755 884.549
361.242 886.585
360.434 888.54
359.695 890.532
359.298 892.598
358.749 894.638
357.789 896.533
357.28 898.568
356.736 900.611
356.032 902.607
355.116 904.536
354.494 906.566
354.09 908.654
353.669 910.734
353.091 912.774
352.267 914.752
351.509 916.756
350.935 918.837
349.8 920.696
349.393 922.783
349.223 924.921
348.824 927.012
347.988 928.983
346.956 930.888
346.27 932.929
345.75 935.014
345.267 937.113
344.745 939.213
344.089 941.303
343.469 943.402
342.754 945.478
342.076 947.576
341.608 949.719
341.036 951.836
340.454 953.979
339.984 956.157
339.732 958.376
340.097 960.572
340.927 962.621
342.189 964.44
343.84 965.935
345.688 967.275
347.737 968.287
349.805 969.242
351.791 970.368
353.709 971.653
355.687 972.812
357.73 973.853
359.672 975.157
361.853 975.981
363.781 977.316
365.921 978.149
368.101 978.952
370.287 979.67
372.552 979.91
374.81 979.56
377.015 978.885
379.204 978.255
381.386 977.608
383.454 976.596
385.47 975.499
387.458 974.38
389.6 973.673
391.76 973.005
393.744 971.886
395.667 970.658
397.621 969.507
399.381 967.996
401.49 967.159
403.106 965.588
404.694 963.995
405.845 962.07
407.212 960.25
407.959 958.161
408.723 956.059
409.271 953.893
409.913 951.751
411.103 949.845
412.157 947.883
412.761 945.75
413.327 943.614
413.987 941.525
415.155 939.637
416.244 937.722
417.179 935.728
417.879 933.654
418.866 931.702
419.98 929.801
420.915 927.818
421.802 925.821
422.632 923.813
423.323 921.741
423.826 919.606
425.06 917.755
425.73 915.704
426.264 913.601
427.096 911.593
428.073 909.673
428.801 907.654
429.38 905.588
429.895 903.51
430.7 901.523
431.651 899.59
432.617 897.684
433.363 895.681
433.947 893.634
434.737 891.65
435.618 889.694
436.431 887.723
437.345 885.802
437.913 883.778
438.618 881.794
439.442 879.853
440.285 877.955
441.089 876.039
441.447 873.996
441.918 871.993
442.989 870.234
443.984 868.457
445.057 866.726
446.764 865.662
448.789 865.327
450.833 865.526
452.824 865.984
454.772 866.715
456.566 867.789
458.437 868.692
460.4 869.437
462.341 870.288
464.077 871.537
465.866 872.816
467.854 873.696
469.884 874.499
471.872 875.494
473.84 876.505
475.742 877.64
477.472 879.108
479.642 879.734
481.527 881.004
483.557 881.889
485.47 883.024
487.308 884.362
489.349 885.315
491.493 885.955
493.572 886.76
495.561 887.796
497.291 889.312
499.251 890.399
501.23 891.469
503.185 892.613
505.215 893.552
507.34 894.224
509.392 895.146
511.492 895.956
513.231 897.463
515.197 898.555
517.166 899.672
519.173 900.733
521.276 901.539
523.411 902.202
525.443 903.174
527.553 903.992
529.398 905.365
531.399 906.413
533.364 907.53
535.327 908.665
537.412 909.562
539.549 910.306
541.448 911.529
543.235 912.964
545.213 914.075
547.217 915.11
549.19 916.243
551.258 917.186
553.344 918.034
555.265 919.201
557.176 920.411
559.18 921.467
561.241 922.387
563.235 923.421
565.222 924.488
567.317 925.316
569.45 926.035
571.381 927.183
573.236 928.467
575.196 929.572
577.091 930.772
578.998 931.934
581.07 932.752
583.197 933.442
585.172 934.408
586.947 935.742
588.845 936.843
590.935 937.538
592.77 938.674
594.484 939.984
596.433 940.852
598.481 941.487
600.444 942.306
602.304 943.355
604.125 944.434
605.99 945.367
607.83 946.355
609.702 947.316
611.573 948.268
613.48 949.146
615.24 950.279
616.344 952.007
616.267 954.051
615.537 955.985
614.577 957.808
613.605 959.631
612.93 961.589
612.439 963.606
611.858 965.599
611.113 967.55
610.561 969.559
610.216 971.612
609.876 973.663
609.413 975.697
608.775 977.672
607.896 979.581
607.225 981.578
606.592 983.579
605.646 985.466
605.25 987.51
604.933 989.58
604.198 991.551
603.239 993.452
602.537 995.441
602.084 997.498
601.536 999.526
600.932 1001.54
599.988 1003.45
599.343 1005.45
598.853 1007.53
597.774 1009.4
597.312 1011.44
596.943 1013.51
596.258 1015.52
595.335 1017.43
594.44 1019.36
593.735 1021.37
593.236 1023.43
592.591 1025.46
591.767 1027.43
591.278 1029.49
590.571 1031.51
589.463 1033.38
588.826 1035.42
588.343 1037.51
587.615 1039.54
586.814 1041.55
586.272 1043.63
585.841 1045.75
585.299 1047.84
584.599 1049.89
583.592 1051.84
582.674 1053.81
581.8 1055.83
581.253 1057.96
580.559 1060.05
579.756 1062.1
579.145 1064.25
578.467 1066.38
577.769 1068.51
577.246 1070.7
576.436 1072.81
575.459 1074.87
574.53 1076.93
573.88 1079.12
573.605 1081.36
573.65 1083.62
574.178 1085.8
575.496 1087.66
577.202 1089.25
579.006 1090.66
580.836 1092.06
582.796 1093.25
584.641 1094.59
586.53 1095.87
588.328 1097.32
590.454 1098.18
592.502 1099.23
594.468 1100.43
596.604 1101.25
598.793 1101.99
600.638 1103.39
602.667 1104.44

