CONTOUR

1

1528

473.497 1075.04
475.562 1075.5
477.655 1075.84
479.768 1075.98
481.891 1075.94
484.016 1075.93
486.143 1075.98
488.272 1076
490.401 1076.02
492.535 1076.05
494.669 1075.9
496.769 1075.5
498.837 1074.94
500.936 1074.58
503.057 1074.44
505.186 1074.45
507.316 1074.46
509.442 1074.35
511.528 1073.9
513.613 1073.46
515.716 1073.08
517.738 1072.4
519.617 1071.36
521.217 1069.88
522.455 1068.13
523.508 1066.25
524.423 1064.29
525.182 1062.29
525.52 1060.18
525.66 1058.02
525.88 1055.86
526.121 1053.72
526.062 1051.57
525.893 1049.45
525.62 1047.34
525.112 1045.29
524.113 1043.42
522.764 1041.74
521.988 1039.81
521.745 1037.74
521.68 1035.66
521.678 1033.58
521.692 1031.52
521.712 1029.46
521.719 1027.4
521.742 1025.35
521.739 1023.31
521.748 1021.27
521.749 1019.24
521.701 1017.21
521.483 1015.19
521.335 1013.17
521.302 1011.14
521.333 1009.12
521.357 1007.1
521.357 1005.06
521.294 1003.04
521.189 1001.02
521.215 999.011
521.233 997.007
521.222 995.004
521.196 993.004
521.172 991.004
521.199 989.002
521.24 987.004
521.267 985.007
521.254 983.011
521.255 981.008
521.285 979.008
521.316 977.013
521.359 975.02
521.371 973.029
521.337 971.035
521.264 969.043
521.227 967.049
521.239 965.054
521.253 963.058
521.271 961.065
521.272 959.072
521.24 957.08
521.205 955.087
521.178 953.093
521.196 951.1
521.194 949.116
521.18 947.133
521.162 945.153
521.136 943.175
521.108 941.195
521.084 939.216
521.066 937.238
521.058 935.262
521.057 933.288
521.057 931.315
521.06 929.343
521.066 927.372
521.056 925.405
521.033 923.436
521.145 921.458
522.062 919.765
523.741 918.783
525.635 918.267
527.566 918.03
529.51 917.984
531.457 917.985
533.406 917.999
535.355 918.082
537.315 918.191
539.28 918.229
541.248 918.231
543.217 918.228
545.188 918.226
547.161 918.226
549.136 918.226
551.113 918.227
553.091 918.228
555.07 918.229
557.051 918.218
559.033 918.175
561.018 918.109
563.005 918.087
564.994 918.09
566.983 918.114
568.972 918.15
570.962 918.161
572.953 918.175
574.943 918.248
576.944 918.394
578.951 918.467
580.96 918.473
582.969 918.439
584.981 918.387
586.994 918.362
589.007 918.351
591.02 918.314
593.028 918.211
595.034 918.071
597.041 917.989
599.048 917.979
601.052 918.007
603.049 917.931
605.037 917.822
607.018 917.693
608.999 917.53
610.986 917.499
612.973 917.502
614.961 917.515
616.96 917.536
618.961 917.541
620.962 917.54
622.963 917.545
624.966 917.571
626.978 917.604
629.001 917.63
631.023 917.636
633.046 917.625
635.057 917.573
637.061 917.541
639.067 917.552
641.078 917.581
643.094 917.645
645.118 917.766
647.133 918.083
649.122 918.557
651.147 918.544
653.145 918.188
655.12 917.74
657.087 917.33
659.076 917.142
661.069 917.079
663.064 917.109
665.059 917.125
667.055 917.124
669.051 917.116
671.046 917.1
673.042 917.118
675.041 917.183
677.049 917.277
679.058 917.49
681.058 917.803
683.074 917.9
685.075 917.715
687.06 917.438
689.035 917.156
691.025 917.087
693.018 917.086
695.01 917.077
697.007 917.016
699.004 916.928
700.994 916.95
702.973 917.135
704.968 917.433
706.974 917.631
708.987 917.732
711.002 917.778
713.023 917.714
715.03 917.558
717.037 917.497
719.045 917.529
721.057 917.594
723.073 917.697
725.1 917.783
727.128 917.784
729.143 917.697
731.156 917.599
733.167 917.449
735.165 917.153
737.133 916.727
739.131 916.587
741.136 916.567
743.14 916.532
745.153 916.468
747.167 916.449
749.182 916.463
751.198 916.514
753.209 916.568
755.223 916.603
757.242 916.62
759.256 916.463
761.208 915.882
763.15 915.249
765.144 914.997
767.091 915.49
768.976 916.285
770.972 916.545
772.989 916.49
774.958 916.064
776.842 915.225
778.838 914.887
780.869 914.9
782.878 915.212
784.853 915.756
786.863 916.056
788.883 915.951
790.845 915.412
792.79 914.825
794.801 914.711
796.816 914.722
798.827 914.768
800.838 914.903
802.85 914.953
804.859 914.966
806.865 914.949
808.87 914.961
810.875 914.954
812.881 914.945
814.886 914.925
816.88 914.934
818.859 915.07
820.789 915.537
822.583 916.399
824.034 917.765
825.169 919.381
825.465 921.315
825.456 923.297
825.466 925.279
825.478 927.26
825.496 929.238
825.514 931.216
825.535 933.192
825.529 935.167
825.517 937.135
825.515 939.104
825.515 941.074
825.516 943.047
825.514 945.028
825.513 947.014
825.504 949.001
825.437 950.987
825.302 952.963
825.206 954.943
825.103 956.93
825.037 958.927
825.019 960.932
825.02 962.939
825.017 964.946
824.979 966.954
824.891 968.959
824.853 970.964
824.858 972.971
824.905 974.977
824.974 976.985
825 978.993
825.006 981.002
825.035 983.011
825.091 985.016
825.106 987.022
825.102 989.028
825.028 991.032
824.812 993.03
824.71 995.035
824.719 997.043
824.813 999.049
824.932 1001.04
824.968 1003.03
824.968 1005.03
824.965 1007.02
824.963 1009.02
824.964 1011.01
824.974 1013.01
824.998 1015.01
824.986 1017.04
824.747 1019.05
824.362 1021.05
823.959 1023.04
823.802 1025.07
823.767 1027.11
823.733 1029.16
823.696 1031.21
823.682 1033.26
823.633 1035.32
823.563 1037.38
823.453 1039.45
823.357 1041.51
823.309 1043.59
823.294 1045.67
823.414 1047.76
823.459 1049.86
823.359 1051.97
823.14 1054.1
822.841 1056.24
822.758 1058.4
823.09 1060.54
823.41 1062.66
823.984 1064.69
825.308 1066.36
826.753 1067.9
828.623 1068.81
830.703 1069.15
832.826 1069.2
834.959 1069.18
837.093 1069.22
839.214 1069.46
841.314 1069.81
843.426 1070.12
845.547 1070.43
847.694 1070.46
849.843 1070.26
851.999 1070.17
854.145 1070.34
856.262 1070.72
858.36 1071.24
860.483 1071.35
862.557 1070.89
864.545 1069.98
866.681 1069.71
868.829 1069.64
870.962 1069.52
873.039 1069.16
874.965 1068.39
876.5 1067
877.572 1065.22
878.407 1063.27
879.1 1061.25
879.911 1059.29
880.623 1057.3
880.879 1055.21
880.834 1053.07
880.969 1050.95
881.142 1048.83
881.214 1046.72
881.249 1044.63
881.246 1042.54
880.96 1040.5
879.95 1038.6
879.66 1036.54
879.63 1034.44
879.843 1032.38
880.776 1030.48
881.028 1028.46
880.957 1026.39
880.987 1024.33
881.103 1022.29
881.153 1020.25
881.159 1018.2
881.146 1016.17
881.158 1014.13
881.16 1012.1
881.169 1010.07
881.206 1008.05
881.226 1006.04
881.252 1004.02
881.285 1002.02
881.304 1000.01
881.278 998.005
881.205 996.002
881.101 993.997
881.07 991.987
881.125 989.985
881.143 987.985
881.144 985.985
881.143 983.986
881.142 981.987
881.142 979.988
881.142 977.989
881.142 975.99
881.143 973.991
881.143 971.992
881.14 969.993
881.117 967.993
881.075 965.996
881.081 963.998
881.102 961.999
881.113 960.001
881.106 957.996
881.116 955.993
881.191 953.991
881.35 951.994
881.609 950.01
881.732 948.013
881.839 946.011
881.909 944.002
881.919 941.982
881.936 939.959
881.865 937.938
881.68 935.923
881.436 933.923
881.319 931.912
881.253 929.895
881.235 927.872
881.308 925.853
881.34 923.834
881.411 921.815
881.7 919.816
882.345 917.884
883.133 915.997
884.295 914.277
885.613 912.663
887.142 911.244
888.982 910.245
891.024 909.737
893.103 909.404
895.201 909.155
897.269 908.84
899.25 908.182
901.087 907.141
902.826 905.954
903.988 904.145
905.743 902.853
907.003 901.115
908.202 899.334
909.14 897.409
909.981 895.411
911.251 893.64
912.409 891.818
913.156 889.803
913.61 887.697
914.24 885.647
914.908 883.61
915.762 881.63
916.462 879.602
916.953 877.534
917.282 875.426
917.719 873.33
918.574 871.344
919.083 869.27
919.434 867.169
919.782 865.077
920.284 863.026
920.773 860.973
921.062 858.899
921.264 856.824
921.55 854.772
921.688 852.703
921.771 850.634
921.955 848.575
922.359 846.544
922.625 844.499
922.815 842.448
922.945 840.393
923.128 838.349
923.618 836.355
924.199 834.385
924.532 832.372
924.655 830.334
924.725 828.291
924.867 826.259
925.194 824.254
925.648 822.272
925.886 820.258
926.082 818.239
926.336 816.222
926.679 814.218
927.087 812.218
927.453 810.215
927.739 808.201
928.127 806.214
928.716 804.27
929.13 802.29
929.399 800.287
929.819 798.305
930.078 796.305
930.147 794.295
930.144 792.279
930.139 790.265
930.187 788.251
930.305 786.237
930.509 784.226
930.85 782.235
931.263 780.253
931.704 778.272
931.995 776.269
932.035 774.246
932.003 772.223
931.963 770.202
931.945 768.18
932.014 766.162
932.18 764.15
932.36 762.141
932.457 760.129
932.503 758.112
932.586 756.098
932.679 754.088
932.734 752.081
932.769 750.072
932.841 748.064
932.982 746.063
933.307 744.083
933.693 742.12
933.851 740.127
933.932 738.119
933.995 736.105
934.075 734.084
934.315 732.075
934.726 730.089
935.195 728.113
935.555 726.129
935.692 724.116
935.739 722.096
935.748 720.075
935.746 718.052
935.743 716.028
935.754 714.003
935.816 711.978
935.932 709.951
935.981 707.92
936.007 705.887
936.064 703.853
936.087 701.812
935.923 699.778
935.747 697.748
935.572 695.72
935.437 693.689
935.406 691.652
935.361 689.616
935.163 687.593
934.658 685.624
934.12 683.661
933.816 681.657
933.524 679.654
933.155 677.655
932.934 675.639
932.779 673.619
932.634 671.598
932.371 669.589
931.899 667.615
931.305 665.668
930.808 663.7
930.527 661.698
930.359 659.682
930.166 657.669
929.756 655.685
929.396 653.707
929.272 651.702
929.174 649.686
928.93 647.681
928.368 645.73
927.843 643.773
927.578 641.769
927.404 639.743
927.171 637.731
926.733 635.752
926.266 633.775
925.977 631.771
925.843 629.776
925.791 627.778
925.713 625.779
925.457 623.793
925.007 621.829
924.775 619.835
924.661 617.827
924.575 615.814
924.455 613.802
924.283 611.793
924.098 609.78
923.946 607.761
923.77 605.743
923.452 603.738
923.132 601.733
922.953 599.71
922.851 597.676
922.718 595.645
922.599 593.615
922.545 591.583
922.534 589.548
922.521 587.511
922.482 585.473
922.501 583.435
922.896 581.464
923.786 579.627
924.608 577.763
925.262 575.835
926.004 573.969
927.121 572.268
928.045 570.461
928.713 568.536
929.072 566.543
929.258 564.517
929.33 562.487
929.319 560.456
929.318 558.429
929.321 556.404
929.322 554.381
929.322 552.359
929.322 550.337
929.323 548.315
929.321 546.295
929.303 544.277
929.259 542.258
929.241 540.241
929.252 538.225
929.357 536.214
929.585 534.203
929.658 532.185
929.661 530.166
929.651 528.147
929.639 526.125
929.653 524.106
929.685 522.092
929.746 520.081
929.787 518.071
929.837 516.057
929.904 514.036
929.961 512.01
929.901 509.993
929.845 507.976
929.825 505.955
929.812 503.93
929.768 501.924
929.719 499.918
929.713 497.906
929.823 495.894
930.098 493.897
930.254 491.886
930.412 489.877
930.744 487.889
931.414 485.967
932.065 484.035
932.475 482.039
932.821 480.039
933.247 478.067
933.422 476.058
933.536 474.035
933.789 472.013
934.487 470.094
935.188 468.166
935.626 466.167
935.928 464.135
936.529 462.187
937.043 460.214
937.29 458.199
937.556 456.188
938.115 454.227
938.478 452.222
938.839 450.2
939.435 448.233
940.117 446.287
940.515 444.272
940.801 442.238
941.144 440.216
941.569 438.231
941.767 436.212
941.997 434.186
942.521 432.202
943.232 430.269
943.544 428.245
943.706 426.2
944.011 424.174
944.818 422.276
945.207 420.275
945.378 418.237
945.623 416.204
946.221 414.236
946.681 412.233
947.231 410.241
947.931 408.295
948.509 406.322
948.793 404.282
949.007 402.237
949.329 400.208
949.758 398.206
950.087 396.178
950.634 394.188
951.198 392.195
951.673 390.186
952.186 388.174
952.856 386.213
953.422 384.235
954.025 382.265
954.464 380.253
954.905 378.23
955.594 376.269
956.294 374.304
956.694 372.268
956.947 370.197
957.315 368.153
957.872 366.17
958.616 364.238
959.5 362.354
960.309 360.425
961.204 358.547
961.596 356.526
961.758 354.463
962.045 352.423
962.736 350.466
963.612 348.569
964.394 346.634
964.914 344.623
965.31 342.587
965.487 340.515
965.618 338.425
965.925 336.346
966.788 334.405
967.311 332.378
967.527 330.289
967.725 328.198
968.271 326.165
968.868 324.136
969.172 322.055
969.281 319.953
969.339 317.853
969.371 315.746
969.464 313.633
969.822 311.539
970.292 309.458
970.421 307.333
970.42 305.193
970.422 303.047
970.428 300.895
970.379 298.742
970.149 296.597
969.625 294.482
969.387 292.323
969.127 290.171
968.524 288.085
967.532 286.132
966.281 284.339
964.912 282.661
963.172 281.337
961.511 279.892
959.465 279.098
957.655 277.796
955.578 277.229
953.443 276.901
951.404 276.263
949.461 275.377
947.486 274.648
945.455 274.226
943.412 274.023
941.358 273.941
939.313 273.857
937.267 273.766
935.22 273.648
933.167 273.576
931.1 273.585
929.021 273.651
926.928 273.854
924.794 274.008
922.644 274.147
920.489 274.359
918.381 274.888
916.377 275.777
914.37 276.664
912.474 277.742
910.886 279.313
908.882 280.294
907.216 281.786
906.33 282.448
905.443 283.111
903.585 284.352
901.809 285.678
900.421 287.417
898.986 289.109
897.445 290.661
895.794 292.138
894.548 293.936
893.215 295.704
892.128 297.63
890.854 299.424
889.611 301.233
888.154 302.907
887.106 304.801
885.849 306.581
885.168 308.625
884.45 310.653
883.356 312.508
882.367 314.397
881.421 316.292
879.985 317.92
879.349 319.924
878.715 321.962
877.473 323.633
875.548 324.579
873.481 325.262
871.565 326.308
869.744 327.563
867.793 328.511
865.664 328.54
863.626 327.785
861.596 327.109
859.863 325.838
857.983 324.919
856.047 324.04
854.254 322.935
852.292 322.232
850.274 321.658
848.281 321.027
846.492 319.891
844.496 319.215
842.572 318.379
840.632 317.601
838.671 316.873
836.72 316.107
834.84 315.135
832.873 314.428
830.801 314.068
828.736 313.687
826.648 313.4
824.574 313.076
822.639 312.28
820.746 311.337
818.848 310.446
816.918 309.668
814.942 309
812.909 308.479
810.879 307.942
808.868 307.345
806.822 306.865
804.754 306.523
802.681 306.271
800.604 306.103
798.536 305.941
796.48 305.67
794.426 305.44
792.389 305.156
790.473 304.366
788.53 303.64
786.513 303.176
784.465 302.859
782.439 302.47
780.426 302.034
778.387 301.841
776.346 301.758
774.313 301.708
772.281 301.643
770.246 301.558
768.21 301.425
766.189 301.17
764.161 301.085
762.131 301.081
760.102 301.093
758.07 301.034
756.033 300.963
753.998 300.779
752.021 300.275
750.173 299.398
748.264 298.735
746.281 298.384
744.279 298.21
742.286 298.089
740.297 297.966
738.311 297.815
736.327 297.612
734.378 297.256
732.448 296.806
730.65 295.954
728.95 294.91
727.34 293.701
726.064 292.179
725.477 290.264
725.193 288.268
724.84 286.288
724.687 284.281
724.542 282.266
724.181 280.278
723.329 278.439
722.301 276.694
721.056 275.094
719.345 273.937
717.61 272.777
716.322 271.17
715.541 269.194
714.977 267.138
714.739 265.027
714.707 262.896
714.736 260.758
714.762 258.613
714.816 256.464
714.922 254.309
714.974 252.144
714.968 249.975
714.957 247.8
714.891 245.623
714.715 243.445
714.369 241.29
713.704 239.197
713.148 237.077
712.373 235.021
711.325 233.09
709.935 231.329
708.896 229.36
707.787 227.443
706.527 225.614
705.306 223.744
703.651 222.234
701.981 220.763
700.458 219.169
698.927 217.585
697.437 215.94
695.403 215.009
693.795 213.427
692.082 212.019
690.235 210.769
688.177 209.898
686.129 209.065
684.158 208.032
682.079 207.243
679.915 206.712
677.773 206.111
675.594 205.752
673.387 205.632
671.183 205.46
668.976 205.297
666.762 205.265
664.551 205.345
662.349 205.579
660.149 205.791
657.99 206.259
655.896 207.02
653.895 207.985
651.794 208.674
649.663 209.222
647.56 209.848
645.555 210.764
643.62 211.82
641.647 212.774
639.714 213.811
638.02 215.246
636.155 216.348
634.551 217.833
632.849 219.166
631.105 220.462
629.237 221.63
627.856 223.332
626.578 225.112
625.174 226.75
623.525 228.182
621.924 229.641
620.869 231.499
620.005 233.466
618.953 235.336
618.141 237.304
617.512 239.338
617.051 241.42
616.407 243.453
615.679 245.469
615.156 247.552
614.655 249.636
614.082 251.702
613.701 253.804
613.221 255.886
612.802 257.99
612.58 260.128
612.196 262.236
611.218 264.151
609.95 265.911
608.109 267.024
606.192 267.994
604.346 269.045
602.722 270.407
601.481 272.106
600.802 274.151
599.979 276.136
599.228 278.139
598.316 280.08
597.783 282.123
597.638 284.245
597.178 286.289
595.581 287.662
593.744 288.739
591.706 289.181
589.612 289.132
587.525 289.141
585.452 289.241
583.4 289.513
581.342 289.754
579.28 289.827
577.228 289.881
575.182 289.924
573.134 290.005
571.088 290.106
569.042 290.172
566.996 290.18
564.949 290.223
562.905 290.311
560.856 290.406
558.81 290.505
556.776 290.742
554.806 291.303
552.887 292.042
550.923 292.622
548.889 292.925
546.845 293.112
544.8 293.288
542.767 293.566
540.726 293.672
538.685 293.669
536.651 293.684
534.618 293.783
532.594 294.083
530.637 294.736
528.642 295.205
526.6 295.389
524.527 295.441
522.451 295.509
520.379 295.677
518.345 296.152
516.316 296.668
514.262 297.046
512.19 297.301
510.154 297.72
508.087 297.954
505.994 298.115
503.902 298.332
501.842 298.766
499.881 299.559
497.926 300.376
495.923 301.043
493.924 301.691
491.923 302.354
489.9 303.011
487.833 303.556
485.942 304.534
484.078 305.569
482.089 306.295
480.015 306.783
477.92 307.24
475.903 307.979
473.87 308.666
471.836 309.348
469.845 310.122
467.982 311.192
466.108 312.258
464.148 313.146
462.119 313.831
460.072 314.452
458.105 315.307
456.265 316.423
454.409 317.497
452.427 318.299
450.43 319.088
448.45 319.961
446.641 321.17
444.576 321.772
442.506 322.321
440.546 323.187
438.667 324.291
436.652 325.075
434.629 325.801
432.776 327.041
430.723 327.119
429.091 325.667
427.614 324.061
426.34 322.299
425.247 320.422
423.868 318.711
423.143 316.624
421.704 314.94
420.551 313.099
419.379 311.247
418.271 309.337
417.195 307.433
415.869 305.67
415.188 303.569
413.783 301.876
412.539 300.123
411.207 298.443
409.727 296.91
408.184 295.406
407.107 293.54
405.414 292.246
403.791 290.886
402.095 289.625
400.42 288.305
398.649 287.17
397.106 285.676
395.316 284.578
393.429 283.611
391.427 282.868
389.351 282.398
387.262 281.899
385.162 281.428
383.134 280.688
381.097 279.907
378.961 279.559
376.786 279.453
374.599 279.36
372.407 279.342
370.214 279.418
368.036 279.668
365.918 280.238
363.798 280.797
361.644 281.156
359.486 281.473
357.333 281.823
355.157 281.972
352.994 282.157
350.87 282.603
348.788 283.272
346.748 284.089
344.675 284.781
342.696 285.692
340.997 287.155
338.914 287.927
337.323 289.479
335.633 290.925
334.619 292.849
333.774 294.886
333.306 297.008
333.171 299.185
333.123 301.372
333.107 303.562
333.15 305.737
333.227 307.907
333.357 310.07
333.615 312.218
333.857 314.388
334.44 316.485
335.22 318.531
336.105 320.516
337.377 322.341
338.022 324.406
338.55 326.511
339.255 328.572
340.102 330.578
340.792 332.64
341.673 334.606
343.052 336.315
343.778 338.344
344.619 340.336
345.276 342.37
345.744 344.455
346.193 346.54
346.782 348.591
347.802 350.467
349.063 352.211
349.666 354.235
350.112 356.321
350.886 358.319
351.395 360.368
351.844 362.45
352.687 364.41
353.297 366.43
353.845 368.459
354.385 370.497
355.129 372.479
356.192 374.324
357.209 376.189
357.648 378.254
358.012 380.339
358.826 382.295
359.608 384.258
360.195 386.304
360.788 388.343
361.314 390.375
361.906 392.384
362.53 394.389
363.375 396.323
364.39 398.179
365.301 400.085
365.715 402.141
365.844 404.256
366.095 406.354
366.738 408.358
367.632 410.286
368.626 412.16
369.252 414.159
369.73 416.194
370.167 418.251
370.676 420.298
371.467 422.255
372.372 424.179
372.929 426.211
373.171 428.298
373.488 430.36
374.134 432.344
374.931 434.29
375.418 436.322
376.018 438.325
377.032 440.176
377.574 442.194
378.041 444.234
378.398 446.277
378.588 448.345
379 450.378
379.79 452.308
380.577 454.225
381.322 456.164
381.78 458.185
382.316 460.189
383.005 462.147
383.338 464.173
383.665 466.222
384.426 468.146
385.123 470.086
385.567 472.081
385.932 474.095
386.293 476.111
386.807 478.09
387.73 479.944
388.543 481.845
389.012 483.838
389.266 485.857
389.611 487.857
390.089 489.825
390.916 491.683
391.519 493.612
391.871 495.604
392.04 497.631
392.152 499.658
392.018 501.679
391.757 503.691
391.608 505.71
391.55 507.734
391.515 509.755
391.478 511.776
391.465 513.79
391.464 515.804
391.443 517.816
391.352 519.827
391.273 521.847
391.253 523.869
391.27 525.891
391.326 527.912
391.375 529.933
391.417 531.952
391.406 533.969
391.353 535.985
391.292 538.016
391.226 540.048
391.122 542.079
390.918 544.101
390.433 546.083
390.058 548.089
390.019 550.117
390.384 552.117
391.02 554.077
391.276 556.083
391.115 558.115
390.849 560.156
390.492 562.181
390.277 564.222
390.43 566.269
390.882 568.29
391.205 570.324
391.32 572.381
391.382 574.441
391.442 576.506
391.511 578.578
391.597 580.651
391.749 582.723
392.09 584.757
392.652 586.754
393.071 588.78
393.325 590.835
393.688 592.87
393.839 594.928
393.923 596.991
394.033 599.056
394.232 601.132
394.691 603.159
395.515 605.081
396.484 606.937
397.359 608.835
397.758 610.876
398.234 612.9
399.123 614.793
399.895 616.7
400.853 618.542
401.796 620.375
403.139 621.961
404.239 623.7
405.035 625.626
405.965 627.444
407.477 628.865
409.063 630.233
409.825 632.113
409.973 634.188
409.968 636.262
409.894 638.327
409.707 640.383
409.64 642.439
409.628 644.492
409.555 646.538
409.359 648.575
409.269 650.611
409.225 652.648
409.199 654.683
409.179 656.716
409.129 658.746
409.028 660.775
408.867 662.802
408.677 664.819
408.573 666.839
408.565 668.86
408.69 670.879
408.769 672.902
408.544 674.911
408.127 676.895
407.721 678.879
407.445 680.871
407.36 682.879
407.322 684.889
407.318 686.899
407.313 688.91
407.311 690.92
407.309 692.93
407.294 694.94
407.266 696.953
407.257 698.966
407.256 700.979
407.257 702.993
407.257 705.006
407.257 707.02
407.257 709.034
407.257 711.049
407.257 713.063
407.258 715.078
407.256 717.093
407.242 719.109
407.215 721.129
407.205 723.15
407.24 725.17
407.391 727.185
407.683 729.184
408.018 731.18
408.38 733.171
408.61 735.182
408.742 737.198
408.911 739.209
409.04 741.223
409.085 743.237
409.126 745.246
409.192 747.251
409.269 749.249
409.391 751.244
409.557 753.234
409.627 755.229
409.707 757.227
409.886 759.222
410.181 761.212
410.36 763.217
410.468 765.232
410.575 767.251
410.76 769.258
411.064 771.253
411.48 773.235
411.833 775.232
412.084 777.242
412.248 779.259
412.403 781.272
412.532 783.285
412.651 785.296
412.755 787.307
412.863 789.313
413.046 791.312
413.25 793.308
413.322 795.315
413.373 797.329
413.511 799.34
413.711 801.34
413.853 803.349
414.08 805.354
414.441 807.348
414.846 809.338
415.22 811.336
415.619 813.333
416.01 815.334
416.504 817.3
416.985 819.27
417.214 821.276
417.476 823.272
417.886 825.244
418.101 827.24
418.226 829.243
418.372 831.247
418.551 833.257
418.745 835.267
418.95 837.281
419.095 839.302
419.255 841.323
419.548 843.332
419.906 845.332
420.196 847.342
420.419 849.355
420.577 851.373
420.729 853.39
420.974 855.397
421.22 857.4
421.295 859.421
421.367 861.449
421.556 863.475
421.777 865.498
421.985 867.53
422.318 869.556
422.555 871.602
422.718 873.666
422.993 875.724
423.247 877.787
423.633 879.834
424.135 881.873
424.611 883.922
425.029 885.985
425.483 888.046
425.775 890.148
425.949 892.262
426.063 894.379
426.204 896.493
426.587 898.569
427.301 900.574
428.209 902.513
428.934 904.521
429.308 906.623
429.903 908.656
431.375 910.212
432.996 911.634
434.463 913.219
436.3 914.237
438.31 914.913
440.326 915.603
442.354 916.17
444.432 916.505
446.512 916.746
448.583 917.025
450.668 917.143
452.76 917.188
454.85 917.281
456.86 917.754
458.481 919.054
459.747 920.713
460.569 922.61
460.922 924.631
461.043 926.671
461.087 928.712
461.095 930.747
461.088 932.78
461.059 934.81
461.051 936.837
461.05 938.863
461.05 940.886
461.057 942.908
461.09 944.927
461.13 946.948
461.157 948.971
461.155 950.995
461.155 953.007
461.162 955.016
461.221 957.025
461.377 959.031
461.593 961.019
461.653 963.015
461.667 965.011
461.676 967.007
461.681 969.005
461.682 971.003
461.682 973.002
461.682 975
461.682 976.998
461.681 978.997
461.683 980.995
461.698 982.994
461.73 985.002
461.739 987.011
461.737 989.02
461.719 991.031
461.69 993.042
461.682 995.055
461.685 997.068
461.701 999.083
461.728 1001.1
461.735 1003.11
461.732 1005.13
461.711 1007.14
461.686 1009.15
461.705 1011.16
461.75 1013.17
461.836 1015.19
462.039 1017.2
462.612 1019.14
463.078 1021.11
462.997 1023.1
462.388 1025.05
461.941 1027.03
461.818 1029.06
461.83 1031.1
461.87 1033.13
461.9 1035.18
462.058 1037.22
462.435 1039.23
462.789 1041.26
463.087 1043.29
463.182 1045.34
463.175 1047.39
463.111 1049.45
463.095 1051.52
463.01 1053.59
462.611 1055.63
462.196 1057.67
461.954 1059.73
461.774 1061.82
461.484 1063.89
461.323 1065.99
461.713 1068.01
463.013 1069.72
463.888 1071.65
465.362 1073.1
467.306 1073.78
469.376 1074.12
471.444 1074.52

