CONTOUR

1

1697

724.31 1098.78
726.587 1098.52
728.824 1097.98
731.095 1097.69
733.331 1097.22
735.31 1095.94
737.492 1095.18
739.295 1093.7
741.317 1092.66
743.404 1091.7
745.425 1090.57
747.49 1089.6
749.521 1088.54
751.517 1087.39
753.437 1086.1
755.472 1085.06
757.475 1084
759.341 1082.66
761.127 1081.26
762.322 1079.38
762.877 1077.19
763.192 1074.94
763.187 1072.66
762.707 1070.42
762.204 1068.17
761.751 1065.93
761.106 1063.76
759.746 1061.96
758.301 1060.24
757.489 1058.19
757.128 1056
756.435 1053.92
755.491 1051.93
754.571 1049.94
753.818 1047.89
753.112 1045.83
752.184 1043.86
751.534 1041.77
750.768 1039.72
749.71 1037.81
749.102 1035.75
748.545 1033.67
748.005 1031.59
747.327 1029.54
746.627 1027.49
746.063 1025.42
745.459 1023.36
744.721 1021.35
743.729 1019.44
742.819 1017.48
741.911 1015.52
741.316 1013.46
740.804 1011.38
740.13 1009.35
739.059 1007.47
738.164 1005.53
737.796 1003.43
737.456 1001.33
736.638 999.367
735.749 997.409
734.953 995.422
734.044 993.473
733.503 991.411
732.987 989.344
732.456 987.282
731.684 985.293
730.732 983.363
730.085 981.333
729.753 979.229
729.197 977.204
727.842 975.497
727.071 973.519
726.222 971.585
725.567 969.594
724.705 967.673
723.5 965.925
722.605 964.038
722.101 962.009
721.638 959.978
721.183 957.943
720.628 955.931
719.914 953.963
719.406 951.924
718.711 949.956
718.057 947.981
717.721 945.944
717.444 943.898
717.131 941.837
717.62 939.873
719.159 938.472
720.915 937.326
722.734 936.282
724.57 935.28
726.364 934.197
728.252 933.276
730.209 932.449
732.057 931.389
733.894 930.321
735.813 929.359
737.659 928.223
739.473 927.043
741.367 925.997
743.459 925.39
745.502 924.643
747.5 923.754
749.455 922.74
751.437 921.78
753.467 920.924
755.332 919.738
757.179 918.522
759.172 917.572
761.208 916.703
763.164 915.678
765.109 914.598
767.176 913.771
769.235 912.943
771.08 911.692
772.95 910.463
775.007 909.599
777.103 908.82
779.171 907.972
781.158 906.901
783.211 905.997
785.341 905.29
787.401 904.407
789.178 902.977
791.133 901.875
793.206 901.077
795.3 900.334
797.278 899.279
799.254 898.197
801.175 897.082
803.011 895.828
804.883 894.612
806.903 893.701
809.04 893.046
811.122 892.27
813.088 891.196
815.087 890.18
817.051 889.17
818.889 887.958
820.691 886.68
822.613 885.629
824.599 884.713
826.652 883.935
828.547 882.778
830.465 881.691
832.439 880.718
834.459 879.792
836.531 879.004
838.464 877.877
840.544 877.101
842.613 876.277
844.557 875.16
846.524 874.13
848.587 873.282
850.565 872.268
852.419 871.029
854.317 869.888
856.381 869.133
858.447 868.359
860.387 867.286
862.327 866.24
864.326 865.319
866.327 864.381
868.197 863.206
870.004 861.944
871.945 860.961
873.995 860.166
875.935 859.12
877.84 858.025
879.869 857.216
881.904 856.36
883.828 855.275
885.713 854.134
887.752 853.375
889.804 852.632
891.749 851.643
893.635 850.54
895.602 849.617
897.641 848.824
899.478 847.643
901.381 846.584
903.478 846.298
905.327 847.394
906.657 849.132
907.749 851.004
908.719 852.932
909.433 854.958
910.141 856.984
911.218 858.852
912.011 860.85
912.973 862.804
913.684 864.82
914.201 866.909
914.839 868.973
915.871 870.89
916.835 872.825
917.283 874.937
917.849 877.023
919.248 878.757
920.308 880.636
921.024 882.679
921.429 884.809
921.971 886.918
922.945 888.869
924.024 890.767
924.957 892.747
925.674 894.829
926.707 896.782
927.662 898.776
928.706 900.752
929.348 902.877
929.968 905.003
930.758 907.062
931.865 909.011
932.841 911.026
933.835 913.019
935.029 914.917
935.856 916.996
936.707 919.083
937.511 921.127
938.136 923.243
938.899 925.335
939.895 927.337
940.837 929.382
941.359 931.574
941.983 933.731
943.405 935.532
944.759 937.377
945.734 939.42
946.594 941.508
947.508 943.584
948.419 945.687
949.515 947.692
951.109 949.418
951.784 951.653
953.259 953.427
954.736 955.173
956.377 956.782
958.265 958.081
959.951 959.712
962.041 960.709
964.327 961.156
966.627 961.48
968.814 962.247
969.867 962.732
970.92 963.217
973.01 964.246
975.231 964.871
977.515 965.198
979.823 965.298
982.128 965.267
984.418 965.111
986.659 964.645
988.781 963.756
990.79 962.616
992.861 961.622
995.081 961.078
997.27 960.401
999.319 959.374
1001.12 957.909
1003.2 957.02
1005.28 956.158
1007.23 954.985
1009.27 954.022
1011.29 953.088
1012.9 951.541
1014.41 949.864
1015.97 948.268
1017.05 946.351
1017.36 944.162
1017.39 941.941
1017.16 939.738
1016.52 937.615
1015.67 935.556
1014.7 933.547
1013.72 931.551
1013.28 929.402
1012.76 927.261
1012.03 925.177
1011.1 923.168
1010.32 921.114
1009.65 919.029
1009.32 916.88
1009.12 914.701
1008.74 912.551
1007.97 910.499
1007.31 908.4
1006.05 906.58
1005.34 904.564
1004.78 902.496
1004.18 900.442
1003.31 898.474
1002.4 896.529
1001.59 894.549
1001.21 892.445
1000.75 890.366
999.761 888.48
998.531 886.73
997.703 884.785
997.332 882.686
996.926 880.605
996.528 878.525
995.938 876.485
995.049 874.539
994.25 872.57
993.53 870.57
993.115 868.491
992.59 866.435
991.608 864.542
990.537 862.705
990.038 860.658
989.766 858.544
989.355 856.458
988.759 854.415
988.014 852.432
986.994 850.546
986.204 848.58
985.537 846.565
985.185 844.472
984.856 842.364
984.048 840.398
982.887 838.585
982.159 836.601
981.798 834.497
981.405 832.404
980.825 830.353
980.154 828.329
979.192 826.397
978.282 824.45
977.537 822.431
977.164 820.311
976.76 818.179
975.949 816.144
975.425 814.03
975.247 811.857
975.891 809.809
977.577 808.405
979.488 807.3
981.405 806.171
983.441 805.26
985.37 804.15
987.161 802.812
989.013 801.563
990.742 800.078
992.852 799.312
994.534 797.858
996.292 796.547
997.98 795.135
999.646 793.661
1001.12 791.962
1002.59 790.338
1004.19 788.826
1005.47 787.074
1006.62 785.227
1007.43 783.216
1007.84 781.057
1008.6 779.02
1009.17 776.934
1009.31 774.785
1009.32 772.636
1009.35 770.494
1009.44 768.367
1009.67 766.261
1009.79 764.158
1009.87 762.057
1010.02 759.964
1010.32 757.896
1010.47 755.818
1010.57 753.736
1010.66 751.656
1010.78 749.581
1011.02 747.519
1011.35 745.467
1011.6 743.413
1011.68 741.372
1011.69 739.335
1011.69 737.301
1011.78 735.274
1011.99 733.256
1012.27 731.249
1012.46 729.236
1012.51 727.219
1012.5 725.201
1012.48 723.19
1012.5 721.186
1012.68 719.193
1012.87 717.189
1013 715.183
1013.06 713.176
1013.11 711.172
1013.14 709.171
1013.15 707.167
1013.25 705.165
1013.59 703.184
1013.82 701.196
1013.9 699.192
1013.93 697.176
1013.94 695.154
1014.06 693.14
1014.4 691.149
1014.91 689.191
1015.39 687.23
1015.58 685.225
1015.62 683.208
1015.64 681.19
1015.7 679.173
1015.78 677.156
1015.92 675.146
1016.21 673.152
1016.61 671.177
1016.96 669.188
1017.15 667.183
1017.2 665.174
1017.25 663.169
1017.28 661.167
1017.34 659.167
1017.41 657.171
1017.59 655.182
1017.74 653.196
1017.82 651.203
1017.93 649.213
1018.28 647.241
1018.58 645.244
1018.8 643.236
1019.04 641.227
1019.3 639.22
1019.43 637.199
1019.48 635.176
1019.47 633.151
1019.49 631.128
1019.5 629.11
1019.5 627.092
1019.5 625.074
1019.5 623.057
1019.5 621.041
1019.5 619.025
1019.53 617.009
1019.62 614.999
1019.77 613.008
1019.94 611.018
1020.13 609.032
1020.28 607.041
1020.38 605.046
1020.47 603.053
1020.58 601.064
1020.8 599.085
1020.99 597.099
1021.08 595.11
1021.12 593.119
1021.12 591.131
1021.12 589.14
1021.14 587.147
1021.21 585.153
1021.38 583.161
1021.5 581.167
1021.56 579.164
1021.64 577.152
1021.81 575.139
1021.94 573.127
1022.07 571.109
1022.28 569.094
1022.5 567.077
1022.73 565.065
1022.99 563.062
1023.1 561.057
1023 559.05
1023.13 557.053
1023.38 555.071
1023.54 553.08
1023.7 551.079
1023.96 549.089
1024.56 547.15
1024.99 545.178
1025.14 543.168
1025.18 541.153
1025.22 539.138
1025.22 537.126
1025.21 535.117
1025.23 533.111
1025.28 531.107
1025.36 529.107
1025.55 527.116
1025.69 525.134
1025.78 523.147
1025.82 521.156
1025.86 519.161
1025.91 517.161
1025.98 515.155
1026.13 513.149
1026.49 511.159
1026.77 509.154
1027.07 507.149
1027.44 505.15
1027.78 503.148
1028.04 501.155
1028.29 499.166
1028.52 497.174
1028.79 495.191
1029.02 493.199
1029.15 491.198
1029.26 489.196
1029.41 487.193
1029.52 485.189
1029.6 483.175
1029.7 481.15
1029.96 479.137
1030.4 477.171
1030.87 475.205
1031.3 473.226
1031.59 471.224
1031.68 469.206
1031.75 467.188
1031.86 465.173
1032.29 463.203
1032.91 461.265
1033.22 459.272
1033.37 457.263
1033.6 455.265
1033.78 453.259
1033.89 451.249
1034.05 449.241
1034.42 447.252
1034.63 445.249
1034.76 443.228
1035.01 441.212
1035.64 439.262
1036.11 437.29
1036.4 435.285
1036.6 433.272
1036.86 431.271
1037.07 429.258
1037.19 427.234
1037.33 425.207
1037.61 423.191
1037.94 421.196
1038.56 419.26
1039.25 417.337
1039.54 415.332
1039.71 413.31
1040.15 411.329
1040.84 409.394
1041.12 407.379
1041.21 405.349
1041.3 403.323
1041.41 401.303
1041.63 399.294
1041.82 397.273
1041.92 395.245
1042.09 393.22
1042.58 391.246
1043.25 389.316
1043.99 387.404
1044.4 385.412
1044.63 383.388
1044.8 381.356
1044.98 379.333
1045.23 377.321
1045.62 375.334
1045.99 373.353
1046.34 371.36
1046.6 369.339
1047.12 367.354
1047.5 365.355
1047.63 363.332
1047.83 361.323
1048.54 359.409
1049.14 357.47
1049.33 355.456
1049.45 353.433
1049.67 351.415
1049.86 349.392
1049.97 347.358
1050.16 345.324
1050.48 343.306
1050.69 341.294
1050.88 339.273
1051.31 337.275
1051.88 335.301
1052.21 333.31
1052.37 331.294
1052.57 329.285
1053.07 327.32
1053.43 325.327
1053.55 323.306
1053.6 321.275
1053.72 319.246
1053.97 317.245
1054.57 315.304
1055.16 313.351
1055.5 311.339
1055.71 309.31
1056.01 307.293
1056.49 305.304
1056.86 303.296
1057.07 301.261
1057.26 299.23
1057.42 297.203
1057.66 295.183
1057.81 293.156
1057.86 291.125
1057.88 289.096
1057.89 287.068
1057.93 285.029
1058.02 282.985
1058.25 280.943
1058.56 278.906
1058.67 276.863
1058.74 274.807
1058.92 272.755
1059.56 270.779
1060 268.773
1060.18 266.727
1060.2 264.669
1059.96 262.612
1059.62 260.552
1059.26 258.496
1058.89 256.447
1058.42 254.403
1058.05 252.323
1057.84 250.23
1057.66 248.136
1057.31 246.062
1056.85 244.001
1056.19 241.968
1055.64 239.912
1055.16 237.84
1054.57 235.776
1053.92 233.735
1053.42 231.662
1052.87 229.587
1052.32 227.501
1051.51 225.494
1050.56 223.531
1049.76 221.516
1049.06 219.454
1047.85 217.58
1047.04 215.495
1045.71 213.666
1044.99 211.575
1044.27 209.483
1043.2 207.504
1042.2 205.489
1041.29 203.448
1039.97 201.592
1039.17 199.479
1037.81 197.626
1037.01 195.528
1036.17 193.443
1034.95 191.525
1033.75 189.595
1032.45 187.743
1031.21 185.869
1029.72 184.122
1028.49 182.23
1027.15 180.414
1025.61 178.778
1023.74 177.485
1022.02 176.055
1020.33 174.603
1018.52 173.317
1016.5 172.339
1014.5 171.321
1012.48 170.403
1010.38 169.677
1008.24 169.016
1006.3 167.853
1004.2 167.078
1002.15 166.139
999.966 165.746
997.744 165.68
995.524 165.641
993.305 165.63
991.09 165.604
988.877 165.614
986.662 165.685
984.445 165.78
982.234 165.955
980.105 166.624
977.979 167.264
975.784 167.749
973.915 169.023
971.873 169.818
969.801 170.517
967.791 171.412
965.821 172.422
963.794 173.234
961.775 174.05
960.039 175.441
958.259 176.709
956.334 177.741
954.424 178.768
952.673 180.058
951.003 181.441
949.376 182.949
947.75 184.402
946.284 186.037
944.692 187.545
943.208 189.166
941.614 190.727
940.079 192.284
938.749 194.046
937.441 195.804
935.942 197.445
935.285 199.581
933.943 201.338
932.751 203.134
931.6 204.952
930.457 206.774
929.521 208.677
928.872 210.682
927.987 212.602
927.075 214.5
925.657 216.111
924.818 218.034
924.133 220.02
923.217 221.91
922.242 223.777
920.824 225.314
918.941 226.213
916.923 226.846
914.981 227.679
913.066 228.532
911.136 229.333
909.092 229.739
907.019 230.041
905.025 230.682
903.045 231.335
900.975 231.539
898.91 231.789
896.925 232.423
894.975 233.184
892.916 233.438
890.845 233.52
888.782 233.611
886.728 233.81
884.659 233.924
882.588 234.02
880.514 234.148
878.447 234.341
876.384 234.621
874.374 235.184
872.439 236.012
870.468 236.724
868.413 237.087
866.334 237.254
864.271 237.489
862.214 237.882
860.208 238.53
858.202 239.185
856.102 239.489
854.02 239.859
851.981 240.404
849.964 241.02
847.896 241.424
845.855 241.938
843.795 242.379
841.765 242.984
839.862 243.972
837.901 244.816
835.812 245.186
833.703 245.45
831.723 246.17
829.957 247.402
828.097 248.427
826.09 249.081
824.018 249.522
822.13 250.411
820.294 251.41
818.414 252.34
816.455 253.053
814.533 253.827
812.684 254.767
810.879 255.806
809.11 256.903
807.172 257.585
805.186 258.146
803.234 258.81
801.429 259.826
799.639 260.86
797.699 261.485
795.671 261.725
793.675 262.11
791.817 262.984
789.864 263.483
787.875 263.856
785.94 263.391
784.442 262.019
783.218 260.385
782.742 258.407
782.733 256.343
782.637 254.276
782.338 252.218
781.935 250.174
781.66 248.102
781.2 246.053
780.74 243.993
780.105 241.964
779.036 240.107
777.703 238.448
776.399 236.738
775.199 234.954
774.266 232.998
773.523 230.962
773.133 228.796
772.783 226.617
772.144 224.514
770.908 222.629
769.982 220.6
769.344 218.446
768.247 216.479
767.27 214.456
765.785 212.737
764.464 210.928
762.993 209.244
761.546 207.527
759.809 206.079
758.246 204.508
756.78 202.826
755.125 201.377
753.466 199.929
751.422 199.047
749.753 197.508
747.869 196.353
745.897 195.321
743.84 194.477
741.725 193.834
739.583 193.366
737.548 192.515
735.548 191.535
733.436 190.879
731.35 190.16
729.206 189.643
727.077 189.056
724.912 188.598
722.708 188.386
720.49 188.343
718.272 188.414
716.057 188.443
713.841 188.444
711.624 188.443
709.406 188.485
707.192 188.616
704.997 188.891
702.84 189.428
700.631 189.701
698.415 189.982
696.272 190.66
694.15 191.373
691.958 191.88
689.902 192.748
687.833 193.562
685.907 194.66
684.185 196.059
682.481 197.484
680.958 199.149
679.04 200.304
677.247 201.7
675.703 203.333
674.345 205.132
673.148 207.063
671.506 208.615
669.925 210.213
668.64 212.024
667.411 213.872
666.385 215.847
665.789 217.981
665.428 220.16
664.763 222.263
663.725 224.24
663.207 226.399
662.619 228.532
661.939 230.632
661.439 232.744
661.251 234.902
661.062 237.067
660.534 239.164
659.722 241.18
659.062 243.237
658.765 245.365
658.821 247.507
659.148 249.623
659.585 251.718
659.961 253.819
660.066 255.944
660.02 258.07
660.032 260.193
660.256 262.295
660.822 264.334
661.257 266.378
661.639 268.448
662.384 270.425
663.132 272.4
663.405 274.487
663.558 276.583
663.77 278.68
664.124 280.758
664.618 282.81
665.074 284.864
665.36 286.949
665.829 288.996
666.313 291.033
666.966 293.036
667.918 294.938
668.79 296.869
669.236 298.938
669.766 300.981
671.032 302.75
671.516 304.792
671.941 306.869
672.677 308.845
673.361 310.83
673.958 312.858
674.653 314.847
675.631 316.74
676.314 318.743
676.156 320.836
675.222 322.75
673.691 324.209
671.752 325.097
669.804 325.948
668.065 327.206
666.125 328.147
664.49 329.513
663.12 331.154
662.319 333.137
662.022 335.244
661.951 337.41
661.881 339.6
661.5 341.729
660.333 343.56
658.836 345.171
657.3 346.696
655.624 348.115
654.036 349.604
652.769 351.389
651.386 353.038
649.53 354.028
647.407 354.363
645.246 354.36
643.127 354.067
641.128 353.353
639.379 352.011
637.373 351.195
635.329 350.505
633.344 349.687
631.423 348.711
629.609 347.515
627.688 346.539
625.615 345.935
623.564 345.276
621.631 344.3
619.703 343.327
617.825 342.263
615.818 341.472
613.855 340.605
611.92 339.678
609.976 338.735
607.961 337.985
605.939 337.324
603.899 336.713
601.835 336.104
599.758 335.516
597.727 334.853
595.707 334.124
593.618 333.64
591.531 333.148
589.482 332.492
587.399 331.916
585.34 331.231
583.209 330.896
581.058 330.788
578.905 330.68
576.748 330.593
574.587 330.595
572.423 330.682
570.256 330.797
568.08 330.824
565.89 330.88
563.757 331.403
561.664 332.112
559.539 332.696
557.377 333.088
555.187 333.319
553.072 333.865
551.215 335.17
549.077 335.8
547.011 336.613
544.973 337.446
543.016 338.507
541.11 339.712
539.235 340.939
537.455 342.301
535.607 343.609
533.882 345.077
532.191 346.521
530.568 348.047
529.023 349.64
527.477 351.287
525.757 352.719
524.26 354.334
522.801 355.986
521.528 357.772
520.255 359.598
519.219 361.564
517.803 363.303
517.025 365.349
516.228 367.412
515.151 369.329
514.184 371.283
513.537 373.358
513.127 375.513
512.452 377.594
511.51 379.581
510.689 381.606
509.886 383.639
509.432 385.747
508.985 387.86
508.296 389.912
507.49 391.929
507.002 394.046
506.699 396.189
506.527 398.337
506.526 400.488
506.555 402.636
506.547 404.781
506.449 406.919
506.252 409.058
506.203 411.201
506.23 413.341
506.403 415.473
506.71 417.581
507.144 419.669
507.734 421.719
508.518 423.709
509.098 425.753
509.404 427.867
509.98 429.907
511.244 431.707
511.794 433.797
512.586 435.81
513.332 437.817
514.172 439.8
514.978 441.8
515.97 443.724
516.97 445.641
517.723 447.661
518.584 449.653
519.57 451.567
520.703 453.403
521.557 455.36
522.288 457.384
523.145 459.352
524.176 461.247
524.96 463.24
525.417 465.326
525.346 467.479
524.65 469.499
522.966 470.807
520.993 471.746
519.225 473.013
517.208 473.828
515.263 474.757
513.512 476.03
511.808 477.367
510.679 479.253
509.051 480.631
507.202 481.759
505.197 482.587
503.234 483.521
501.205 484.276
499.104 484.818
497.11 485.636
495.341 487.001
493.261 487.484
491.231 488.103
489.323 489.068
487.333 489.83
485.45 490.852
483.615 491.986
481.581 492.568
479.46 492.633
477.345 492.403
475.35 491.674
473.49 490.613
471.567 489.741
469.507 489.298
467.454 488.848
465.522 487.946
463.565 487.117
461.797 485.845
459.765 485.334
457.664 485.13
455.564 484.873
453.495 484.434
451.469 483.781
449.463 483.044
447.367 482.674
445.277 482.349
443.197 481.891
441.105 481.52
439.02 481.12
436.996 480.382
434.988 479.623
432.855 479.415
430.701 479.269
428.535 479.134
426.358 479.081
424.174 479.17
422.004 479.428
419.88 479.935
417.833 480.75
415.698 481.221
413.53 481.529
411.404 482.011
409.333 482.73
407.269 483.514
405.164 484.269
403.139 485.17
401.346 486.52
399.385 487.634
397.571 489.005
395.695 490.218
393.907 491.55
392.498 493.253
391.306 495.175
389.754 496.814
388.704 498.745
387.693 500.714
386.794 502.735
386.091 504.816
385.613 506.965
385.366 509.169
385.137 511.368
384.778 513.547
384.22 515.696
383.827 517.877
383.759 520.099
383.837 522.321
384.057 524.54
383.965 526.764
383.051 528.775
381.578 530.49
380.159 532.227
378.48 533.743
377.098 535.526
375.58 537.219
373.937 538.769
372.575 540.536
371.336 542.394
370.153 544.299
369.149 546.293
368 548.216
367.43 550.37
366.673 552.433
365.923 554.497
365.638 556.669
365.366 558.836
364.845 560.96
364.68 563.118
364.779 565.273
365.182 567.394
365.522 569.516
365.725 571.645
366.199 573.714
367.147 575.666
367.145 577.697
365.781 579.388
364.387 581.059
362.479 582.048
360.745 583.269
359.313 584.838
357.851 586.378
356.846 588.231
355.636 589.991
354.367 591.747
353.043 593.459
351.194 594.59
349.267 595.642
347.375 596.73
345.505 597.867
343.845 599.372
342.176 600.801
340.237 601.758
338.128 602.239
335.947 602.191
333.807 601.676
331.716 601.101
329.72 600.233
327.663 599.515
325.519 599.168
323.343 598.979
321.15 598.816
318.954 599.023
316.769 599.286
314.64 599.749
312.721 600.866
310.714 601.769
308.643 602.608
306.765 603.815
305.068 605.258
303.476 606.893
301.512 608.023
299.747 609.395
298.019 610.86
295.974 611.697
293.81 611.363
291.853 610.18
289.846 609.177
287.776 608.282
285.783 607.233
284.068 605.738
282.36 604.27
280.96 602.466
279.341 600.849
277.683 599.246
276.48 597.274
275.131 595.407
273.589 593.708
271.859 592.173
269.971 590.948
268.358 589.325
266.295 588.614
264.093 588.618
261.918 588.953
259.758 589.105
257.623 589.301
255.512 589.659
253.461 590.257
251.473 591.054
249.381 591.523
247.516 592.504
246.456 594.343
245.792 596.411
245.688 598.602
245.903 600.815
246.645 602.955
247.261 605.126
247.629 607.383
248.478 609.498
249.132 611.676
249.666 613.892
250.503 616.041
251.358 618.161
252.432 620.193
253.5 622.215
254.814 624.104
255.792 626.193
257.204 627.999
258.727 629.71
260.073 631.548
261.041 633.63
262.132 635.61
263.68 637.309
265.027 639.156
265.956 641.225
266.975 643.226
268.244 645.103
269.471 647.01
271.232 648.486
272.257 650.486
273.547 652.304
275.168 653.883
276.444 655.736
277.315 657.852
278.526 659.761
279.854 661.589
281.419 663.306
282.686 665.219
284.14 666.97
285.609 668.703
287.354 670.21
288.839 671.932
289.859 673.991
290.836 676.067
291.98 678.063
292.742 680.212
293.08 682.445
293.268 684.692
293.827 686.834
295.18 688.657
296.079 690.683
297.026 692.684
297.792 694.756
299.147 696.509
300.562 698.215
301.695 700.093
303.108 701.809
303.901 703.893
305.277 705.716
306.379 707.665
307.637 709.527
308.926 711.38
309.94 713.393
311.166 715.29
312.305 717.231
313.361 719.23
314.524 721.13
315.885 722.89
317.368 724.536
319.156 725.907
320.58 727.619
322.098 729.252
324.022 730.2
326.176 730.33
328.316 729.917
330.373 729.256
331.917 727.707
333.42 726.092
335.318 725.122
337.441 725.26
339.164 726.463
339.687 728.512
339.596 730.671
339.409 732.807
339.269 734.931
339.119 737.052
338.93 739.173
338.724 741.297
338.256 743.381
337.62 745.436
337.095 747.498
336.24 749.441
335.292 751.371
333.917 753.067
332.844 754.898
331.887 756.799
330.899 758.706
330.099 760.683
329.188 762.599
327.73 764.242
326.743 766.163
325.462 767.939
324.434 769.882
323.303 771.77
322.286 773.717
321.413 775.748
320.432 777.738
319.208 779.604
318.013 781.492
317.122 783.536
316.054 785.51
314.913 787.448
314.021 789.503
313.181 791.592
312.019 793.533
310.959 795.51
309.875 797.49
309.035 799.581
307.938 801.559
306.715 803.479
305.832 805.565
304.999 807.686
303.872 809.708
303.286 811.896
303.139 814.173
303.219 816.461
303.302 818.748
303.602 821.013
304.345 823.185
305.421 825.231
306.289 827.337
307.43 829.307
308.633 831.251
309.82 833.195
311.51 834.725
313.233 836.228
314.858 837.788
316.423 839.457
317.9 841.183
319.694 842.554
321.641 843.753
323.479 845.079
325.257 846.499
327.249 847.615
328.974 849.107
330.915 850.145
333.001 850.861
335.187 851.061
337.33 850.574
339.234 849.509
340.685 847.833
341.844 845.983
343.028 844.161
344.039 842.247
345.062 840.331
345.688 838.273
346.377 836.251
347.163 834.247
348.018 832.274
349.344 830.6
351.247 829.652
353.381 829.701
355.44 830.251
357.32 831.302
359.262 832.26
361.066 833.436
362.933 834.437
364.774 835.497
366.607 836.549
368.478 837.535
370.475 838.26
372.332 839.311
374.135 840.441
376.011 841.43
377.948 842.32
379.788 843.436
381.721 844.389
383.779 845.109
385.864 845.837
387.633 847.149
389.235 848.61
389.856 850.674
390.165 852.819
390.709 854.896
391.494 856.893
392.199 858.912
392.224 861.01
391.431 862.994
390.475 864.918
389.898 866.953
389.743 869.072
389.618 871.199
389.432 873.321
389.431 875.455
389.519 877.595
389.722 879.735
389.845 881.869
389.855 884.005
389.814 886.138
389.873 888.266
390.377 890.321
391.524 892.115
392.838 893.795
393.842 895.66
394.978 897.475
396.309 899.149
397.63 900.831
399.211 902.339
400.167 904.225
400.559 906.34
400.683 908.487
400.633 910.637
400.315 912.762
399.641 914.817
399.252 916.923
399.132 919.068
399.322 921.212
399.808 923.294
400.752 925.231
401.478 927.248
402.074 929.31
402.387 931.431
402.539 933.574
402.644 935.729
402.826 937.882
403.125 940.031
403.272 942.198
403.14 944.374
403.019 946.553
403.095 948.734
403.517 950.881
404.153 952.984
404.892 955.043
406.218 956.753
408.071 957.948
409.965 959.151
411.858 960.356
413.908 961.263
416.061 961.905
418.269 962.401
420.512 962.762
422.779 963.03
425.07 963.005
427.356 962.826
429.625 962.528
431.881 962.118
434.146 961.864
436.424 961.721
438.67 961.367
440.7 960.354
442.541 958.956
444.591 957.974
446.816 957.442
448.826 956.431
450.646 955.09
452.377 953.637
453.755 951.814
455.186 950.043
455.892 947.95
455.795 945.719
455.216 943.579
453.87 941.792
452.344 940.192
450.747 938.623
449.743 936.703
449.305 934.572
449.157 932.399
449.142 930.223
449.146 928.051
449.194 925.89
449.298 923.742
449.486 921.614
449.906 919.525
450.533 917.496
450.755 915.405
450.455 913.331
449.771 911.334
449.318 909.282
448.963 907.209
448.403 905.186
447.901 903.169
447.74 901.078
447.841 899.001
448.699 897.101
449.616 895.222
450.604 893.378
451.774 891.641
452.772 889.81
453.537 887.862
454.386 885.965
455.248 884.077
455.896 882.099
457.153 880.44
458.814 879.16
460.52 877.878
462.547 877.729
464.521 878.319
466.346 879.373
468.121 880.497
470.013 881.369
471.95 882.186
473.897 883.029
475.784 884.016
477.762 884.787
479.785 885.477
481.806 886.164
483.693 887.204
485.478 888.442
487.341 889.565
489.255 890.594
491.12 891.693
493.088 892.604
495.155 893.317
497.12 894.205
498.922 895.424
500.837 896.467
502.92 897.123
505.002 897.749
507.076 898.365
509.129 899.08
511.146 899.914
513.245 900.453
515.387 900.764
517.519 901.086
519.633 901.522
521.752 901.909
523.687 902.838
525.424 904.143
527.337 905.148
529.394 905.85
531.23 906.978
532.924 908.388
534.867 909.278
537.022 909.592
539.179 909.877
541.275 910.465
543.332 911.202
545.474 911.486
547.582 911.908
549.236 913.431
551.196 914.31
553.299 914.882
555.282 915.767
557.27 916.627
559.313 917.361
561.271 918.287
563.039 919.572
564.961 920.572
567.029 921.252
569.076 921.969
571.119 922.669
573.126 923.497
575.136 924.324
577.184 925.063
579.308 925.479
581.418 925.941
583.337 926.942
585.227 927.999
587.033 929.217
589.094 929.836
591.111 930.607
592.98 931.713
594.965 932.495
597.059 932.926
599.158 933.327
601.257 933.718
603.333 934.21
605.33 935
607.342 935.776
609.329 936.586
611.423 937.025
613.545 937.29
615.603 937.812
617.539 938.706
619.405 939.769
621.354 940.66
623.375 941.348
625.453 941.857
627.449 942.615
629.221 943.85
631.016 945.048
632.579 946.453
633.868 948.118
634.783 950.01
635.545 952.005
636.216 954.037
636.814 956.094
637.696 958.021
639.16 959.668
639.884 961.7
640.488 963.776
641.217 965.791
641.936 967.81
642.733 969.821
643.621 971.805
644.485 973.795
645.344 975.788
646.144 977.807
647.233 979.697
648.249 981.632
649.293 983.558
650.016 985.621
650.717 987.694
651.751 989.622
652.867 991.511
653.673 993.528
654.365 995.588
655.045 997.663
655.772 999.717
657.122 1001.51
657.889 1003.55
658.6 1005.61
659.37 1007.66
660.344 1009.66
661.107 1011.72
661.715 1013.82
662.888 1015.71
663.655 1017.79
664.886 1019.65
665.616 1021.7
666.368 1023.75
667.163 1025.79
668.173 1027.74
669.114 1029.72
669.91 1031.76
670.878 1033.75
671.747 1035.78
672.804 1037.73
673.609 1039.78
674.381 1041.85
675.376 1043.83
676.497 1045.74
677.484 1047.73
678.362 1049.78
679.469 1051.72
680.555 1053.67
681.446 1055.71
682.043 1057.87
682.705 1060.01
683.815 1061.95
685.1 1063.8
685.931 1065.89
687.001 1067.86
688.201 1069.76
689.217 1071.75
689.851 1073.9
690.634 1075.98
691.847 1077.85
693.117 1079.69
694.127 1081.67
695.191 1083.61
696.57 1085.35
698.313 1086.73
700.203 1087.9
701.779 1089.54
703.723 1090.61
705.778 1091.52
707.8 1092.5
709.84 1093.42
711.759 1094.63
713.736 1095.77
715.442 1097.34
717.518 1098.19
719.746 1098.6
722.024 1098.79

