CONTOUR

3

2012

515.901 1044.38
518.101 1044.43
520.297 1044.3
522.487 1044.04
524.666 1043.67
526.839 1043.28
528.988 1042.75
531.152 1042.35
533.289 1041.85
535.235 1040.86
536.893 1039.4
538.662 1038.12
540.42 1036.81
541.408 1034.92
541.797 1032.75
542.451 1030.65
543.167 1028.59
543.269 1026.46
542.805 1024.35
542.361 1022.23
542.294 1020.07
542.34 1017.91
542.275 1015.77
542.023 1013.64
541.878 1011.51
541.766 1009.38
541.693 1007.27
541.818 1005.17
542.353 1003.14
543.072 1001.14
543.421 999.062
543.511 996.964
543.439 994.865
543.022 992.825
541.881 990.999
541.502 988.948
541.422 986.86
541.33 984.789
541.116 982.727
541.107 980.655
541.583 978.66
542.831 976.94
543.829 975.088
545.322 973.519
546.42 971.722
547.287 969.788
548.05 967.807
548.518 965.757
548.764 963.676
548.944 961.601
549.056 959.534
549.015 957.459
548.918 955.389
548.788 953.328
548.486 951.292
547.85 949.329
546.91 947.469
546.201 945.543
545.524 943.617
544.714 941.75
543.609 940.044
542.764 938.204
542.047 936.301
541.878 934.312
542.347 932.368
543.339 930.629
544.928 929.37
546.605 928.259
548.477 927.625
550.471 927.5
552.471 927.534
554.466 927.525
556.458 927.445
558.428 927.163
560.362 926.632
562.338 926.352
564.336 926.33
566.33 926.502
568.317 926.801
570.311 926.767
572.277 926.375
574.243 926.01
576.234 925.876
578.235 925.83
580.23 925.707
582.217 925.486
584.18 925.103
586.151 924.809
588.138 924.664
590.13 924.695
592.101 925.082
594.101 925.274
596.114 925.323
598.13 925.242
600.128 924.931
602.12 924.719
604.123 924.595
606.133 924.529
608.144 924.554
610.146 924.517
612.152 924.387
614.164 924.273
616.185 924.274
618.199 924.153
620.189 923.82
622.167 923.417
624.155 923.077
626.162 922.851
628.169 922.679
630.176 922.578
632.185 922.561
634.192 922.47
636.195 922.339
638.178 922.05
640.112 921.476
642.107 921.242
644.115 921.172
646.124 921.129
648.13 921.064
650.139 920.918
652.153 920.818
654.171 920.895
656.186 920.869
658.21 920.807
660.232 920.662
662.236 920.351
664.22 919.979
666.184 919.496
668.065 918.744
669.962 918.079
671.956 917.943
673.971 917.956
675.985 917.939
677.993 917.869
679.995 917.648
682.011 917.569
684.032 917.582
686.057 917.574
688.076 917.413
690.1 917.253
692.115 917.104
694.129 916.984
696.14 916.939
698.144 916.915
700.148 916.887
702.147 916.984
704.129 917.33
706.141 917.528
708.165 917.623
710.197 917.671
712.231 917.621
714.264 917.5
716.285 917.295
718.289 916.963
720.276 916.561
722.284 916.384
724.292 916.175
726.244 915.662
728.105 914.826
730.06 914.277
732.054 913.977
734.05 913.794
736.029 913.531
738.031 913.409
740.04 913.374
742.05 913.355
744.058 913.348
746.058 913.278
748.062 913.152
750.076 913.062
752.096 913.086
754.109 913.038
756.109 912.772
758.079 912.307
760.049 911.84
762.055 911.665
764.071 911.566
766.092 911.44
768.119 911.373
770.148 911.356
772.18 911.294
774.205 911.093
776.199 910.659
778.2 910.293
780.219 910.047
782.244 909.88
784.259 909.625
786.292 909.523
788.325 909.485
790.354 909.422
792.383 909.273
794.424 909.199
796.479 909.148
798.547 909.096
800.616 909.059
802.682 908.953
804.758 908.863
806.845 908.819
808.94 908.809
811.043 908.792
813.154 908.78
815.274 908.845
817.397 909.125
819.328 909.993
820.786 911.563
821.853 913.457
823.084 915.243
824.34 917.027
825.351 918.969
826.364 920.894
827.605 922.683
828.928 924.423
830.394 926.076
831.721 927.878
833.154 929.669
834.325 931.595
835.542 933.511
836.688 935.5
837.911 937.448
839.539 939.103
841.185 940.765
842.536 942.658
844.047 944.444
845.461 946.302
847.105 947.983
848.255 949.986
849.672 951.874
850.876 953.918
852.303 955.817
853.737 957.694
855.432 959.42
857.013 961.223
858.27 963.202
859.61 965.128
860.975 967.045
862.678 968.666
863.88 970.647
865.639 972.204
867.248 973.866
868.637 975.755
869.897 977.761
871.51 979.507
873.153 981.232
874.431 983.222
875.79 985.126
877.324 986.845
879.181 988.27
880.714 989.952
882.065 991.783
883.232 993.808
884.639 995.659
886.112 997.465
887.696 999.238
889.279 1001.02
890.688 1002.87
892.141 1004.7
893.59 1006.55
895.487 1007.98
896.983 1009.87
898.484 1011.71
900.119 1013.42
901.603 1015.28
903.368 1016.87
905.256 1018.26
907.123 1019.63
909.133 1020.76
911.309 1021.48
913.572 1021.85
915.863 1022
918.161 1022.17
920.456 1022.32
922.74 1022.37
925.019 1022.5
927.255 1022.98
929.481 1023.43
931.764 1023.58
934.049 1023.56
936.313 1023.58
938.58 1023.59
940.842 1023.57
943.092 1023.44
945.251 1022.88
947.355 1022.07
949.474 1021.31
951.391 1020.11
952.842 1018.39
953.748 1016.34
954.098 1014.12
954.166 1011.86
954.173 1009.61
954.137 1007.35
954.122 1005.09
954.157 1002.83
954.198 1000.57
954.235 998.311
954.175 996.049
953.947 993.807
953.398 991.615
952.435 989.574
951.163 987.696
949.711 985.91
948.914 983.765
947.833 981.769
946.57 979.887
945.374 977.97
943.918 976.173
943.33 973.944
941.862 972.209
940.731 970.306
939.583 968.411
938.395 966.519
937.398 964.53
935.981 962.788
934.867 960.88
933.6 959.029
932.742 956.947
931.775 954.917
930.579 953.009
929.433 951.05
928.199 949.119
926.893 947.242
925.834 945.236
924.899 943.153
923.653 941.21
922.4 939.279
921.259 937.289
919.828 935.418
919.188 933.148
917.658 931.367
916.354 929.476
915.081 927.541
914.117 925.434
913.236 923.321
911.745 921.552
910.448 919.654
909.229 917.719
908.191 915.703
906.992 913.764
905.954 911.739
904.92 909.752
903.507 908.004
902.208 906.171
901.515 904.055
900.978 901.893
901.162 899.714
902.189 897.777
903.523 896.019
905.552 895.065
906.874 893.329
908.119 891.543
908.999 889.573
909.795 887.565
910.931 885.706
911.846 883.761
912.848 881.861
913.476 879.816
914.044 877.76
914.396 875.672
914.716 873.577
915.145 871.503
915.809 869.487
916.413 867.468
916.782 865.415
916.961 863.347
917.086 861.267
917.19 859.187
917.372 857.112
918.124 855.207
919.661 853.794
921.553 852.858
923.56 852.24
925.652 851.968
927.725 851.672
929.799 851.313
931.869 850.938
933.962 850.784
936.067 850.869
938.188 850.865
940.29 850.694
942.363 850.319
944.378 849.65
946.45 849.245
948.502 848.715
950.36 847.715
951.834 846.165
953.271 844.573
953.835 842.54
954.144 840.409
954.474 838.249
954.575 836.063
954.579 833.867
954.574 831.667
954.576 829.464
954.58 827.258
954.471 825.053
954.073 822.875
953.737 820.704
953.257 818.56
952.058 816.666
951.208 814.633
949.798 812.877
948.662 810.992
947.396 809.201
946.125 807.388
945.3 805.344
944.294 803.409
942.93 801.678
941.793 799.813
940.919 797.829
939.978 795.893
938.83 794.046
937.901 792.095
936.841 790.247
935.482 788.591
934.343 786.81
933.577 784.855
932.804 782.887
932.21 780.845
931.796 778.778
931.649 776.682
931.794 774.596
932.103 772.543
932.377 770.494
932.639 768.446
932.984 766.413
933.18 764.361
933.28 762.304
933.457 760.253
933.755 758.226
933.97 756.189
934.43 754.19
935.066 752.229
935.447 750.228
935.592 748.195
935.679 746.161
935.797 744.13
936.19 742.143
936.846 740.205
937.211 738.217
937.305 736.201
937.268 734.178
937.32 732.155
937.419 730.14
937.655 728.143
938.186 726.19
938.439 724.19
938.566 722.171
938.728 720.151
938.979 718.135
939.352 716.134
939.754 714.135
940.006 712.115
940.163 710.109
940.287 708.107
940.396 706.104
940.561 704.106
940.843 702.119
940.951 700.117
941.049 698.121
941.22 696.128
941.425 694.153
941.497 692.162
941.547 690.159
941.661 688.148
941.877 686.141
941.996 684.122
942.332 682.125
942.852 680.161
943.37 678.204
943.536 676.192
943.577 674.175
943.602 672.163
943.663 670.148
943.754 668.136
943.853 666.123
944.043 664.119
944.569 662.163
945.045 660.196
945.207 658.188
945.243 656.177
945.24 654.171
945.283 652.169
945.338 650.17
945.469 648.176
945.701 646.192
945.796 644.193
945.859 642.186
946.032 640.18
946.364 638.194
946.544 636.19
946.673 634.177
946.776 632.155
947 630.149
947.343 628.157
947.719 626.17
947.982 624.167
948.043 622.148
948.197 620.135
948.383 618.126
948.501 616.113
948.587 614.105
948.696 612.098
948.851 610.094
949.17 608.112
949.601 606.165
949.727 604.183
949.765 602.193
949.786 600.2
949.824 598.202
949.953 596.205
950.303 594.227
950.687 592.252
950.861 590.241
951.091 588.231
951.267 586.22
951.397 584.207
951.518 582.199
951.593 580.185
951.662 578.168
951.714 576.148
951.794 574.137
952.099 572.149
952.539 570.175
952.846 568.18
952.98 566.172
953.076 564.166
953.171 562.162
953.304 560.165
953.491 558.164
953.584 556.157
953.645 554.155
953.769 552.161
954.028 550.174
954.189 548.172
954.328 546.164
954.396 544.145
954.516 542.132
954.829 540.139
955.431 538.202
955.997 536.254
956.265 534.253
956.407 532.234
956.568 530.218
956.711 528.198
956.87 526.186
956.992 524.174
957.039 522.164
957.167 520.164
957.368 518.175
957.455 516.177
957.505 514.17
957.632 512.161
957.894 510.164
958.058 508.157
958.228 506.15
958.286 504.136
958.327 502.115
958.671 500.125
959.129 498.156
959.328 496.157
959.363 494.143
959.38 492.128
959.437 490.113
959.497 488.099
959.541 486.094
959.549 484.091
959.548 482.088
959.547 480.086
959.547 478.084
959.546 476.083
959.547 474.083
959.558 472.084
959.581 470.081
959.587 468.077
959.587 466.075
959.582 464.073
959.572 462.067
959.57 460.062
959.566 458.057
959.541 456.053
959.49 454.046
959.465 452.039
959.459 450.031
959.459 448.025
959.46 446.019
959.463 444.013
959.469 442.008
959.481 440.003
959.494 438.008
959.496 436.011
959.486 434.011
959.462 432.008
959.438 430.009
959.432 428.011
959.434 426.012
959.444 424.014
959.46 422.012
959.464 420.009
959.463 418.006
959.462 416.003
959.462 414
959.462 411.997
959.462 409.994
959.462 407.991
959.462 405.988
959.462 403.985
959.465 401.981
959.471 399.978
959.477 397.978
959.48 395.978
959.479 393.978
959.474 391.977
959.466 389.974
959.463 387.97
959.467 385.966
959.476 383.962
959.486 381.964
959.49 379.967
959.491 377.969
959.496 375.972
959.503 373.977
959.506 371.982
959.506 369.988
959.502 367.993
959.489 365.993
959.446 363.992
959.404 361.992
959.395 359.991
959.398 357.991
959.399 355.99
959.399 353.99
959.398 351.989
959.397 349.989
959.396 347.989
959.394 345.988
959.383 343.987
959.367 341.987
959.417 339.985
959.462 337.983
959.453 335.98
959.424 333.983
959.397 331.983
959.346 329.98
959.309 327.973
959.351 325.968
959.423 323.963
959.496 321.956
959.543 319.947
959.576 317.938
959.621 315.936
959.742 313.94
959.954 311.938
960.257 309.957
960.606 307.981
960.883 305.994
961.008 303.996
960.918 301.993
960.86 299.989
960.878 297.983
960.973 295.979
961.081 293.983
961.105 291.986
961.098 289.988
961.068 287.989
961.04 285.98
961.039 283.97
961.051 281.962
961.101 279.958
961.146 277.957
961.184 275.956
961.223 273.957
961.263 271.96
961.299 269.962
961.33 267.961
961.401 265.955
961.575 263.95
961.856 261.948
961.896 259.935
961.801 257.931
961.63 255.936
961.412 253.948
961.32 251.948
961.256 249.947
961.251 247.941
961.242 245.941
961.147 243.944
961.036 241.944
961.009 239.936
961.067 237.926
960.944 235.922
960.657 233.926
960.657 231.922
960.962 229.932
961.078 227.929
961.091 225.919
961.092 223.909
961.105 221.894
961.052 219.877
960.84 217.868
960.59 215.859
960.546 213.836
960.836 211.823
961.076 209.803
961.047 207.771
960.818 205.748
960.47 203.733
960.024 201.73
959.742 199.71
959.602 197.669
959.474 195.623
959.244 193.585
958.778 191.58
958.246 189.583
957.968 187.54
957.867 185.475
957.689 183.414
957.535 181.342
957.485 179.263
957.419 177.184
957.282 175.1
957.143 173.002
957.037 170.892
956.968 168.765
956.894 166.626
956.814 164.47
956.664 162.306
956.491 160.13
956.172 157.957
955.606 155.814
954.844 153.714
954.075 151.606
953.439 149.462
952.981 147.257
952.312 145.094
951.489 142.971
950.706 140.797
949.457 138.834
948.149 136.907
946.754 134.98
945.363 133.034
943.52 131.469
941.824 129.761
940.637 127.662
939.3 125.685
937.609 124.039
935.645 122.655
933.743 121.222
932.284 119.335
930.873 117.385
929.167 115.744
927.146 114.457
924.957 113.392
923.159 111.739
921.353 110.136
919.409 108.693
917.453 107.27
915.622 105.739
913.912 104.034
911.597 103.346
909.678 101.959
907.761 100.661
905.841 99.3683
903.87 98.161
901.742 97.3098
899.621 96.4951
897.699 95.2662
895.846 93.9074
893.82 92.8968
891.767 91.9936
889.811 90.8763
887.758 89.9841
885.642 89.3144
883.552 88.6326
881.491 87.8129
879.366 87.2062
877.49 85.9408
875.378 85.3597
873.201 85.0259
871.079 84.4341
868.946 83.8361
866.804 83.2759
864.626 82.8875
862.436 82.6342
860.239 82.4757
858.042 82.3303
855.843 82.2475
853.646 82.201
851.445 82.1921
849.24 82.1834
847.03 82.1609
844.814 82.2057
842.59 82.3329
840.361 82.5224
838.168 82.9986
836.055 83.8051
833.92 84.5483
831.791 85.2941
829.717 86.1855
827.814 87.4283
825.915 88.7036
823.812 89.6024
821.871 90.789
820.085 92.2087
818.259 93.5723
816.524 95.1105
814.377 95.9852
812.776 97.6761
811.133 99.3053
809.418 100.861
807.577 102.313
805.797 103.827
804.448 105.767
802.885 107.514
801.327 109.255
799.743 111.015
798.442 112.931
796.918 114.649
795.533 116.457
794.259 118.333
793.034 120.244
791.459 121.922
789.92 123.621
788.845 125.607
787.768 127.621
786.65 129.591
785.522 131.536
784.172 133.365
783.36 135.49
781.958 137.267
780.911 139.172
780.059 141.166
779.226 143.188
778.626 145.268
777.984 147.306
777.334 149.335
776.358 151.255
775.757 153.292
775.221 155.339
774.365 157.255
773.694 159.223
773.235 161.246
772.703 163.234
772.18 165.217
771.573 167.17
770.499 168.876
768.704 169.719
766.653 169.548
764.642 169.224
762.737 168.6
760.891 167.766
759.016 166.966
757.483 165.464
755.606 164.593
753.592 164.017
751.603 163.345
749.589 162.756
747.527 162.424
745.455 162.205
743.379 162.095
741.294 162.062
739.198 162.006
737.088 161.98
734.969 161.98
732.846 161.995
730.723 161.998
728.602 162.018
726.476 162.146
724.339 162.28
722.198 162.431
720.058 162.65
717.945 163.066
715.874 163.711
713.802 164.37
711.75 165.066
709.656 165.591
707.516 165.916
705.398 166.412
703.352 167.184
701.207 167.637
699.095 168.257
697.072 169.122
695.009 169.875
692.944 170.693
690.979 171.757
688.997 172.773
687.023 173.826
685.11 175.042
683.04 175.927
681.447 177.588
679.578 178.877
677.742 180.218
676.077 181.724
674.585 183.438
673.242 185.27
671.935 187.103
671.047 189.174
669.53 190.916
668.464 192.898
667.43 194.893
666.513 196.948
665.823 199.073
665.237 201.204
664.665 203.337
663.951 205.439
663.64 207.627
663.491 209.834
663.431 212.041
663.356 214.245
663.121 216.429
662.53 218.553
661.974 220.68
661.826 222.866
661.747 225.046
661.615 227.212
661.552 229.38
661.581 231.548
661.72 233.706
662.265 235.775
663.457 237.602
664.625 239.456
665.138 241.523
664.985 243.659
664.251 245.696
663.278 247.64
661.75 249.266
660.543 251.078
659.524 253.009
658.717 255.036
658.186 257.14
657.922 259.278
658.106 261.416
658.895 263.411
660.293 265.046
662.043 266.303
663.852 267.508
665.513 268.947
666.323 270.973
666.447 273.18
666.349 275.387
666.629 277.549
667.416 279.599
668.362 281.602
668.952 283.71
669.253 285.871
669.741 287.987
670.576 289.997
671.727 291.846
673.268 293.502
673.82 295.594
673.902 297.784
673.885 299.973
673.91 302.156
674.134 304.315
674.751 306.38
675.939 308.184
677.421 309.74
679.05 311.181
681.03 311.928
682.869 312.959
684.895 313.485
686.815 314.231
687.702 316.054
688.008 318.109
687.598 320.102
686.154 321.505
684.278 322.296
682.3 322.915
680.266 323.376
678.195 323.387
676.142 323.091
674.094 322.756
672.026 322.611
669.952 322.639
667.877 322.734
665.806 322.889
663.745 323.145
661.722 323.573
659.768 324.271
657.823 324.988
655.815 325.482
653.751 325.761
651.667 325.734
649.602 325.547
647.543 325.454
645.48 325.531
643.454 325.888
641.56 326.743
639.653 327.581
637.774 328.449
635.796 329.013
633.733 329.072
631.724 328.455
629.789 327.627
627.752 327.572
625.791 328.236
623.874 329.044
621.871 329.446
619.827 329.542
617.789 329.577
615.795 329.864
613.877 330.631
611.954 331.388
609.971 331.892
607.955 331.987
605.9 331.867
603.891 332.289
601.9 332.843
599.873 333.119
597.834 333.122
595.793 333.134
593.748 333.123
591.703 332.949
589.66 332.668
587.608 332.642
585.559 332.826
583.536 333.307
581.524 333.863
579.52 334.476
577.453 334.844
575.379 335.172
573.301 335.442
571.257 335.902
569.24 336.571
567.155 336.88
565.055 336.926
562.952 337.114
560.867 337.463
558.774 337.853
556.665 338.029
554.548 338.056
552.435 338.118
550.372 338.508
548.404 339.304
546.631 340.465
545.134 341.955
543.749 343.594
543.246 345.653
543.245 347.801
543.335 349.94
543.451 352.068
543.578 354.204
543.328 356.33
542.218 358.167
540.75 359.765
539.155 361.28
537.198 362.198
535.156 362.992
533.184 364.012
531.192 364.93
529.266 365.973
527.439 367.312
525.232 367.929
523.46 369.399
521.472 370.439
519.412 371.394
517.359 372.379
515.385 373.497
513.638 375.045
511.41 375.541
509.264 376.26
507.378 377.583
505.349 378.606
503.336 379.725
501.237 380.688
498.996 381.24
496.792 381.888
494.831 383.196
492.575 383.922
490.832 385.574
488.932 386.969
486.987 388.355
484.957 389.664
483.373 391.476
482.133 393.548
481.188 395.75
479.888 397.797
479.21 400.129
477.528 401.902
476.13 403.857
474.47 405.544
472.755 407.148
470.681 408.198
468.779 409.493
467.061 410.976
465.63 412.778
463.883 414.256
462.432 415.948
460.961 417.707
459.579 419.527
458.291 421.43
457.16 423.475
455.638 425.235
453.873 426.792
452.612 428.741
451.525 430.816
450.638 432.998
450.094 435.284
450.208 437.587
451.451 439.464
453.646 440.147
455.995 439.87
458.293 439.361
460.404 438.361
462.373 437.152
463.816 435.29
465.205 433.41
466.59 431.509
468.21 429.835
470.309 428.977
472.554 429.212
474.269 430.689
475.425 432.659
476.385 434.717
477.342 436.753
478.456 438.716
479.726 440.541
481.396 442.063
483.136 443.466
485.034 444.66
487.072 445.62
489.001 446.781
491.098 447.088
493.107 446.046
495.243 445.62
497.315 446.237
498.385 448.115
498.594 450.331
498.681 452.537
498.963 454.718
499.559 456.826
500.409 458.85
501.2 460.892
502.054 462.899
503.601 464.433
505.225 465.949
506.593 467.691
508.263 469.073
510.28 469.874
512.261 470.834
514.394 471.342
516.575 471.547
518.749 471.864
520.295 473.375
521.017 475.384
519.819 477.173
518.021 478.449
516.072 479.442
514.073 480.299
512.096 481.151
510.056 481.812
507.982 482.338
505.893 482.892
503.835 483.579
501.74 484.13
499.592 484.385
497.441 484.583
495.302 484.881
493.152 485.108
490.993 485.213
488.837 485.356
486.686 485.603
484.535 485.892
482.437 486.486
480.337 487.057
478.178 487.299
476.043 487.683
474.169 488.789
472.323 489.962
470.679 491.422
468.892 492.674
467.181 494.003
465.854 495.709
465.231 497.786
464.771 499.912
464.175 502.019
464.258 504.164
464.691 506.291
464.991 508.428
465.097 510.575
465.16 512.709
465.153 514.833
465.117 516.948
465.077 519.053
465.052 521.124
465.056 523.183
465.082 525.235
465.212 527.276
465.416 529.326
465.509 531.369
465.577 533.397
465.682 535.411
465.72 537.432
465.329 539.405
463.906 540.863
462.208 542.008
460.491 543.072
458.533 543.343
456.529 543.373
454.538 543.447
452.544 543.573
450.568 543.897
448.624 544.431
446.656 544.825
444.66 545.04
442.663 545.149
440.672 545.3
438.699 545.619
436.708 545.817
434.701 545.91
432.69 546.014
430.696 546.302
428.689 546.475
426.678 546.574
424.664 546.668
422.655 546.84
420.648 547.11
418.644 547.461
416.634 547.823
414.635 548.268
412.592 548.518
410.535 548.681
408.486 548.963
406.474 549.452
404.424 549.687
402.372 549.977
400.38 550.632
398.37 551.171
396.279 551.319
394.181 551.467
392.102 551.836
390.133 552.648
388.079 553.124
385.977 553.294
383.884 553.531
381.837 554.042
379.749 554.433
377.657 554.901
375.574 555.484
373.461 555.995
371.328 556.405
369.19 556.795
367.084 557.385
364.961 557.911
362.953 558.828
361.047 559.959
359.198 561.229
357.1 562.041
355.045 562.949
353.181 564.237
351.271 565.48
349.282 566.625
347.353 567.864
345.394 569.063
343.33 570.081
341.374 571.322
339.424 572.572
337.43 573.771
335.546 575.222
333.307 576.023
331.618 577.722
329.756 579.177
327.727 580.436
325.773 581.762
324.174 583.513
322.623 585.316
320.992 587.004
319.163 588.53
316.993 589.607
315.183 591.195
313.375 592.765
311.448 594.202
309.581 595.72
307.929 597.429
306.436 599.325
304.678 600.92
302.878 602.428
300.845 603.741
299.1 605.364
297.701 607.334
296.025 609.02
294.171 610.456
292.472 612.041
290.827 613.669
289.431 615.552
287.75 617.164
285.845 618.468
284.136 619.984
282.536 621.616
281.221 623.53
279.596 625.181
277.779 626.597
276.211 628.251
274.668 629.94
273.271 631.783
271.681 633.515
270.282 635.338
269.054 637.277
267.751 639.202
266.171 640.877
264.586 642.533
263.196 644.357
261.476 645.942
260.227 647.9
258.965 649.89
257.603 651.788
255.978 653.522
255.305 655.813
253.848 657.695
252.617 659.664
251.421 661.659
250.414 663.765
249.52 665.932
248.029 667.79
247.097 669.921
245.629 671.76
244.403 673.764
243.096 675.709
241.905 677.702
240.695 679.703
239.376 681.655
237.646 683.293
236.196 685.13
234.928 687.125
233.564 689.01
231.723 690.448
229.985 691.979
228.513 693.724
227.117 695.569
225.595 697.311
223.674 698.63
221.876 700.099
220.263 701.738
218.808 703.575
217.339 705.407
215.43 706.788
213.438 708.1
211.574 709.54
210.022 711.363
208.349 713.03
206.435 714.389
204.579 715.823
202.918 717.471
201.558 719.415
199.9 721.083
198.202 722.635
196.68 724.349
195.375 726.232
194.224 728.213
193.177 730.279
191.628 732.025
189.9 733.577
187.947 734.772
185.792 735.578
183.647 736.438
181.613 737.54
179.506 738.418
177.527 739.556
175.563 740.73
173.747 742.088
172.209 743.761
170.794 745.599
169.731 747.622
169.009 749.807
167.721 751.765
166.797 753.917
165.922 756.081
165.256 758.31
164.107 760.353
162.792 762.295
161.858 764.413
161.051 766.605
159.551 768.404
157.952 770.144
156.438 771.903
154.909 773.638
153.593 775.562
152.03 777.287
150.207 778.628
148.199 779.665
146.174 780.687
144.111 781.593
142.224 782.82
140.189 783.719
138.49 785.197
136.596 786.282
134.735 787.416
132.944 788.672
131.441 790.249
129.991 791.898
128.295 793.289
126.212 793.825
124.06 794.056
121.909 794.235
119.754 794.186
117.596 793.851
115.441 793.605
113.312 793.314
111.226 792.789
109.249 791.894
107.266 791.058
105.358 790.039
103.304 789.394
101.299 788.632
99.3604 787.65
97.3412 786.906
95.2285 786.521
93.1136 786.159
90.991 785.724
88.8498 785.384
86.7185 784.943
84.5672 784.517
82.392 784.697
80.2602 785.209
78.1609 785.791
76.1006 786.49
74.1709 787.535
72.2636 788.633
70.342 789.693
68.5498 790.947
66.7337 792.175
64.7292 793.102
62.5425 793.377
60.3294 793.153
58.1966 792.503
56.0856 791.746
53.9195 791.245
51.6853 791.09
49.4399 791.218
47.2586 791.737
45.1596 792.636
43.0578 793.508
41.3103 794.998
39.498 796.425
37.4314 797.472
35.3135 798.363
33.2875 799.448
31.4034 800.812
29.8558 802.517
29.2131 804.729
28.9067 807.036
28.6051 809.371
28.6502 811.714
28.9595 814.035
29.7221 816.26
30.8718 818.338
32.1158 820.373
33.2787 822.456
34.454 824.535
35.879 826.451
37.4329 828.251
39.3591 829.716
40.9604 831.495
42.2496 833.519
43.8107 835.292
45.5838 836.853
47.5958 838.161
49.452 839.685
50.9853 841.579
52.8841 843.042
54.8963 844.389
56.885 845.725
58.7729 847.2
60.7999 848.442
62.9695 849.419
65.015 850.561
67.0096 851.789
69.1139 852.794
71.3014 853.611
73.2969 854.752
75.0738 856.275
77.1231 857.338
79.2995 858.211
81.0627 859.708
82.6552 861.343
84.2595 862.987
86.3767 863.903
87.8777 865.678
89.7945 866.938
91.6593 868.268
93.6345 869.402
95.5808 870.627
97.5656 871.761
99.2887 873.301
101.343 874.228
103.494 875.009
105.422 876.182
107.312 877.409
109.39 878.243
111.383 879.278
113.405 880.197
115.468 881.024
117.635 881.411
119.792 881.811
121.83 882.634
123.798 883.672
125.878 884.341
128.007 884.82
130.15 885.27
132.312 885.563
134.469 885.867
136.483 886.708
138.564 887.417
140.696 887.928
142.656 888.914
144.697 889.64
146.759 890.274
148.825 890.943
150.893 891.574
152.975 892.154
155.054 892.729
157.14 893.252
159.24 893.649
161.299 894.264
163.226 895.279
165.23 896.108
167.177 897.095
168.672 898.61
169.571 900.598
170.586 902.461
172.225 903.853
173.766 905.43
175.734 906.345
177.76 907.166
179.718 908.186
181.783 908.915
183.889 909.494
186.019 910.006
188.093 910.846
190.256 911.438
192.46 911.832
194.614 912.468
196.742 913.186
198.961 913.423
201.194 913.446
203.428 913.475
205.662 913.489
207.898 913.486
210.138 913.444
212.367 913.245
214.53 912.634
216.595 911.693
218.814 911.134
220.805 910.067
222.669 908.825
223.769 906.791
225.444 905.209
226.779 903.371
227.967 901.413
228.916 899.351
229.741 897.226
231.075 895.335
232.363 893.412
233.106 891.249
233.645 889.02
234.678 886.967
235.881 884.999
236.784 882.891
237.653 880.778
239.152 879.048
241.019 877.678
243.076 876.694
245.064 875.57
247.082 874.471
248.911 873.148
250.159 871.251
251.396 869.313
252.735 867.454
253.987 865.537
255.455 863.73
257.179 862.185
258.764 860.551
260.405 858.965
262.076 857.423
263.655 855.722
265.659 854.568
267.406 853.128
268.775 851.298
269.961 849.332
271.488 847.563
273.087 845.847
274.507 844.047
275.949 842.253
277.186 840.316
278.605 838.52
279.984 836.705
281.912 835.31
283.75 833.834
285.671 832.486
287.684 831.255
289.635 829.847
291.741 828.761
293.799 827.588
295.824 826.32
298.022 825.267
299.829 823.633
300.683 822.758
301.537 821.883
303.543 820.535
305.539 819.151
307.349 817.571
308.888 815.674
310.58 813.977
312.479 812.524
314.388 811.072
316.122 809.429
317.571 807.481
319.335 805.843
321.407 804.617
323.264 803.128
325.004 801.514
326.627 799.732
328.454 798.205
330.368 796.803
332.118 795.213
333.711 793.477
335.342 791.712
337.142 790.167
338.934 788.68
340.748 787.205
342.568 785.738
344.087 783.908
346.321 783.087
348.027 781.462
349.789 779.949
351.625 778.476
353.618 777.214
355.286 775.544
356.908 773.831
358.891 772.632
360.882 771.512
362.836 770.357
364.827 769.326
366.621 767.959
368.595 767.049
370.475 765.942
372.291 764.794
373.927 763.384
375.716 762.219
377.329 760.851
378.863 759.339
380.417 757.782
382.417 757.132
384.426 757.74
385.595 759.497
385.777 761.62
385.514 763.716
385.018 765.75
384.101 767.681
383.303 769.659
382.352 771.553
381.749 773.558
381.44 775.636
380.968 777.664
380.162 779.614
379.304 781.548
378.629 783.541
378.016 785.555
377.569 787.59
377.185 789.64
376.275 791.551
375.606 793.562
375.155 795.617
374.414 797.598
373.937 799.652
373.746 801.744
373.62 803.833
373.617 805.92
373.644 808.008
373.695 810.093
373.863 812.175
374.404 814.199
375.06 816.191
375.438 818.252
376.127 820.214
377.12 822.057
377.932 823.964
378.805 825.906
379.903 827.736
380.629 829.726
381.059 831.799
380.762 833.85
379.894 835.775
379.014 837.69
378.431 839.711
377.902 841.752
377.283 843.754
376.274 845.619
375.316 847.503
374.353 849.393
373.894 851.444
373.619 853.524
373.12 855.554
372.311 857.495
371.443 859.421
370.709 861.401
370.294 863.471
369.902 865.531
369.565 867.599
369.216 869.663
368.495 871.642
367.884 873.672
367.29 875.716
366.584 877.703
365.845 879.693
365.39 881.754
364.735 883.748
363.74 885.637
362.939 887.607
362.421 889.664
361.849 891.692
361.289 893.726
360.392 895.672
359.637 897.683
358.823 899.668
357.837 901.574
357.153 903.597
356.351 905.583
355.415 907.531
354.545 909.513
353.906 911.578
353.45 913.7
352.999 915.815
352.209 917.845
351.263 919.816
350.46 921.882
349.94 924.035
349.475 926.195
348.706 928.279
347.791 930.32
346.783 932.345
346.02 934.462
345.434 936.644
345.052 938.869
344.342 941.04
343.41 943.156
342.667 945.333
341.945 947.519
341.631 949.786
341.616 952.078
341.965 954.339
343.134 956.326
344.609 958.128
346.086 959.956
347.468 961.92
349.183 963.552
351.209 964.849
353.008 966.375
354.629 968.04
355.937 970.07
357.57 971.791
359.518 973.153
361.707 974.094
363.757 975.322
365.877 976.376
368.057 977.302
370.391 977.673
372.749 977.859
375.063 978.242
377.383 978.659
379.679 978.427
381.631 977.273
383.081 975.488
383.836 973.282
384.824 971.192
385.303 968.973
385.41 966.714
385.414 964.45
385.371 962.189
385.301 959.937
385.156 957.696
384.691 955.505
383.881 953.396
383.239 951.243
382.751 949.066
382.553 946.848
382.868 944.663
383.871 942.728
385.683 941.349
387.534 940.051
389.479 938.919
391.612 938.21
393.637 937.291
395.308 935.758
397.081 934.355
398.123 932.411
399.143 930.438
399.936 928.354
401.172 926.481
401.703 924.364
402.01 922.182
402.599 920.066
403.515 918.063
404.157 915.98
404.628 913.839
405.303 911.758
406.297 909.832
407.376 907.953
407.741 905.834
408.065 903.69
408.925 901.693
409.324 899.577
409.712 897.455
410.798 895.583
412.116 893.845
412.952 891.897
413.339 889.799
413.697 887.684
414.487 885.704
415.299 883.732
415.601 881.637
415.949 879.55
416.937 877.647
417.379 875.591
417.672 873.488
418.476 871.52
419.53 869.661
420.399 867.733
420.941 865.694
421.398 863.646
421.784 861.597
422.394 859.591
423.219 857.634
423.572 855.543
423.969 853.482
424.955 851.597
425.42 849.572
425.687 847.498
426.165 845.463
426.93 843.507
427.708 841.568
428.185 839.539
428.622 837.52
429.077 835.498
429.428 833.46
429.839 831.447
430.527 829.502
431.229 827.56
431.521 825.526
431.871 823.496
432.894 821.675
433.34 819.688
433.49 817.643
433.775 815.616
434.375 813.657
434.888 811.682
435.31 809.701
435.58 807.708
435.898 805.704
436.281 803.717
436.623 801.729
436.966 799.743
437.309 797.756
437.53 795.752
437.717 793.744
438.185 791.794
439.049 789.942
439.334 787.951
439.445 785.928
439.54 783.896
439.808 781.89
440.692 780.078
442.216 778.867
444.074 779.35
444.737 781.228
444.955 783.285
445.282 785.314
445.339 787.354
445.319 789.383
445.365 791.402
445.432 793.407
445.435 795.406
445.391 797.395
445.189 799.37
444.889 801.328
444.774 803.299
444.701 805.266
444.74 807.228
444.899 809.195
444.961 811.17
444.969 813.148
444.991 815.129
444.976 817.108
444.908 819.092
444.84 821.09
444.723 823.093
444.347 825.061
443.548 826.906
442.71 828.747
442.261 830.689
442.079 832.68
441.969 834.683
441.822 836.694
441.59 838.709
441.236 840.712
441.043 842.731
441.014 844.766
441.052 846.804
441.044 848.839
441.038 850.873
441.046 852.911
441.007 854.948
440.847 856.991
440.619 859.034
440.364 861.077
440.202 863.129
440.29 865.177
440.548 867.22
440.706 869.272
440.487 871.317
440.077 873.35
440.084 875.407
440.516 877.436
440.988 879.457
441.202 881.511
441.331 883.564
441.457 885.618
441.819 887.654
442.378 889.654
442.828 891.694
443.453 893.693
444.108 895.684
444.409 897.746
444.44 899.837
444.36 901.925
444.137 904.011
444.025 906.122
444.02 908.243
444.129 910.363
444.43 912.462
444.808 914.537
445.619 916.467
447.181 917.963
448.575 919.59
450.145 921.064
451.982 922.131
453.884 923.06
455.802 924.026
457.877 924.474
460.015 924.608
462.142 924.787
464.242 925.162
466.374 925.379
468.513 925.56
470.647 925.857
472.653 926.685
474.726 927.266
476.854 927.563
479.012 927.635
481.067 928.103
482.647 929.606
484.292 930.99
485.813 932.5
487.608 933.737
489.17 935.257
489.755 937.292
489.133 939.307
487.389 940.662
485.617 941.973
484.582 943.874
483.852 945.952
482.953 947.968
482.32 950.059
481.826 952.187
481.624 954.351
481.601 956.537
481.772 958.713
482.141 960.867
482.481 963.027
482.929 965.169
483.639 967.253
484.313 969.335
484.848 971.444
485.694 973.427
487.126 975.143
487.82 977.204
489.31 978.8
490.323 980.656
491.171 982.608
492.024 984.571
492.404 986.666
492.535 988.788
492.498 990.905
492.296 993.018
492.052 995.129
491.724 997.235
491.656 999.353
491.973 1001.42
492.558 1003.44
493.164 1005.46
493.626 1007.51
494.106 1009.58
494.926 1011.56
495.328 1013.64
495.383 1015.78
495.368 1017.93
495.381 1020.08
495.46 1022.24
495.655 1024.4
495.793 1026.58
495.959 1028.76
496.351 1030.91
497.115 1032.99
497.554 1035.13
498.239 1037.18
499.6 1038.86
501.544 1039.94
503.217 1041.45
505.183 1042.41
507.247 1043.17
509.319 1043.96
511.5 1044.26
513.7 1044.3

19

555.444 403.467
553.516 402.54
551.582 401.675
549.598 401.422
548.516 399.888
549.71 398.29
550.941 396.549
552.612 394.811
554.847 394.4
556.738 392.729
558.513 392.62
559.603 394.188
560.537 396.115
561.464 398.032
562.369 399.851
562.446 401.937
561.234 403.355
559.342 403.545
557.409 403.556

12

505.522 418.115
504.539 416.115
504.458 413.849
504.768 411.675
507.056 411.274
509.273 411.457
511.378 411.764
512.623 413.625
512.631 416.039
511.577 418.07
509.659 418.535
507.596 418.535

