CONTOUR

2

1771

282.285 1089.88
284.47 1089.87
286.661 1089.87
288.86 1089.87
291.064 1089.83
293.266 1089.74
295.456 1089.5
297.607 1089.01
299.579 1087.95
301.611 1087.1
303.518 1085.89
305.555 1084.94
307.443 1083.77
309.24 1082.44
311.083 1081.15
312.289 1079.24
313.573 1077.37
314.894 1075.54
316.189 1073.69
317.319 1071.72
318.834 1070.04
320.676 1068.82
322.835 1068.33
325.039 1068.09
327.247 1067.84
329.445 1067.4
331.624 1066.87
333.804 1066.37
335.939 1065.71
338.121 1065.26
340.295 1064.75
342.393 1063.98
344.462 1063.19
346.225 1061.75
348.136 1060.61
349.952 1059.34
351.738 1058
353.541 1056.65
354.965 1054.94
355.994 1052.92
356.701 1050.78
357.156 1048.58
357.448 1046.37
357.531 1044.15
357.449 1041.94
357.209 1039.76
356.741 1037.62
356.05 1035.54
355.09 1033.54
354.332 1031.49
353.802 1029.37
353.229 1027.27
351.989 1025.41
351.309 1023.35
350.968 1021.19
351.3 1019.06
352.202 1017.09
353.247 1015.19
354.056 1013.17
355.081 1011.25
356.047 1009.3
356.866 1007.29
357.541 1005.22
358.106 1003.13
358.892 1001.1
359.785 999.108
361.072 997.276
361.857 995.238
362.843 993.305
364.164 991.522
365.603 989.862
367.475 988.752
369.412 987.761
371.281 986.664
373.252 985.783
375.33 985.123
377.207 984.037
379.036 982.921
380.908 981.881
382.969 981.358
385.095 980.945
387.26 980.938
389.362 981.393
391.412 982.004
393.23 983.106
394.951 984.423
396.933 985.228
399.026 985.778
400.849 986.905
402.639 988.097
404.609 988.929
406.566 989.769
408.176 991.217
410.027 992.333
412.002 993.162
414.111 993.636
416.16 994.389
418.104 995.363
420.074 996.301
422.153 996.904
424.286 997.296
426.452 997.494
428.576 997.939
430.317 999.344
432.149 1000.54
434.276 1001.05
436.487 1001.16
438.65 1001.51
440.676 1002.35
442.642 1003.32
444.619 1004.29
446.66 1005.06
448.719 1005.78
450.649 1006.78
452.454 1008.01
454.332 1009.1
456.408 1009.82
458.242 1010.99
459.844 1012.53
461.604 1013.86
463.309 1015.3
465.218 1016.39
467.299 1017.08
469.424 1017.62
471.365 1018.67
473.135 1020.01
475.108 1020.9
477.222 1021.44
479.287 1022.19
481.16 1023.34
483.127 1024.31
485.172 1025.09
487.297 1025.61
489.333 1026.36
491.346 1027.19
493.283 1028.21
495.285 1029.07
497.4 1029.57
499.546 1029.86
501.637 1030.43
503.649 1031.32
505.747 1031.94
507.818 1032.68
509.903 1033.31
511.963 1034.01
514.02 1034.79
516.011 1035.75
518.06 1036.53
520.202 1036.97
522.374 1037.22
524.562 1037.25
526.73 1037.02
528.757 1036.33
530.445 1034.99
531.86 1033.39
532.637 1031.4
532.941 1029.27
533.273 1027.16
533.92 1025.13
535.269 1023.38
536.087 1021.37
536.816 1019.32
537.869 1017.45
539.504 1016.07
541.554 1015.53
543.701 1015.63
545.834 1015.82
547.972 1015.87
550.108 1015.92
552.244 1015.93
554.386 1015.9
556.522 1015.77
558.659 1015.63
560.811 1015.56
562.903 1015.97
564.556 1017.49
566.468 1018.51
568.495 1019.36
570.456 1020.34
572.44 1021.28
574.339 1022.43
576.216 1023.62
577.952 1025.05
579.543 1026.6
580.767 1028.49
582.062 1030.31
583.624 1031.98
585.079 1033.8
586.508 1035.61
588.254 1037.15
589.788 1038.89
591.655 1040.25
593.427 1041.78
594.904 1043.61
596.571 1045.24
598.444 1046.61
600.546 1047.56
602.82 1047.86
605.059 1047.41
606.87 1045.98
608.499 1044.38
609.244 1042.25
609.301 1039.99
608.972 1037.76
607.93 1035.75
606.814 1033.8
605.739 1031.83
604.91 1029.77
604.119 1027.71
603.155 1025.72
602.526 1023.63
602.344 1021.48
602.406 1019.32
602.554 1017.17
602.836 1015.04
603.403 1012.97
604.059 1010.93
604.375 1008.84
604.363 1006.74
604.283 1004.63
604.252 1002.53
604.306 1000.45
604.493 998.383
604.653 996.326
604.848 994.278
605.17 992.247
605.637 990.255
605.867 988.233
605.907 986.2
605.854 984.175
605.83 982.146
605.862 980.118
606.302 978.143
607.056 976.24
607.254 974.215
607.449 972.181
607.618 970.157
607.769 968.138
608.065 966.133
608.303 964.117
608.363 962.09
608.301 960.063
608.261 958.043
608.552 956.058
609.095 954.115
609.537 952.155
610.108 950.222
610.387 948.235
610.536 946.227
610.784 944.237
611.347 942.304
612.066 940.418
612.608 938.483
613.098 936.544
613.597 934.611
613.918 932.637
614.384 930.674
614.802 928.699
614.89 926.669
615.654 924.835
617.148 923.489
619.045 922.786
621.055 922.961
623.028 923.481
624.994 924.036
626.692 925.209
628.535 926.1
630.339 927.096
632.196 928.006
634.068 928.929
636.043 929.59
637.783 930.77
639.542 931.973
641.585 932.484
643.647 932.882
645.688 933.336
647.664 934.046
649.419 935.235
651.051 936.609
652.877 937.66
654.795 938.572
656.352 940.014
658.03 941.262
659.791 942.374
661.641 943.355
663.708 943.718
665.73 944.215
667.66 945.001
669.636 945.626
671.589 946.333
673.392 947.323
674.883 948.76
676.134 950.41
676.735 952.35
676.844 954.383
676.82 956.426
676.746 958.469
676.556 960.511
676.247 962.55
675.653 964.53
674.758 966.394
673.785 968.239
673.365 970.25
673.24 972.322
673.167 974.401
673.034 976.483
672.784 978.572
672.625 980.676
672.818 982.772
673.234 984.828
673.522 986.889
673.975 988.915
674.606 990.906
675.472 992.819
676.624 994.553
677.947 996.165
679.602 997.494
681.089 999.012
681.982 1000.88
682.341 1002.94
682.486 1005.03
682.472 1007.13
682.36 1009.22
682.254 1011.31
682.095 1013.39
681.95 1015.48
681.836 1017.56
681.825 1019.66
681.974 1021.75
682.572 1023.74
683.448 1025.66
684.405 1027.57
685.059 1029.59
685.225 1031.7
685.241 1033.83
685.25 1035.97
685.27 1038.12
685.253 1040.28
685.207 1042.44
685.17 1044.62
685.262 1046.81
685.488 1049.01
685.619 1051.22
685.941 1053.39
686.895 1055.4
687.88 1057.36
689.743 1058.58
691.642 1059.76
693.63 1060.76
695.7 1061.61
697.771 1062.48
699.879 1063.28
702.121 1063.59
704.376 1063.64
706.629 1063.6
708.874 1063.58
711.129 1063.59
713.397 1063.55
715.62 1063.22
717.637 1062.2
719.727 1061.42
721.876 1060.77
723.915 1059.85
725.742 1058.53
727.541 1057.15
729.142 1055.55
729.942 1053.49
730.232 1051.28
730.333 1049.06
730.326 1046.84
730.249 1044.63
730.145 1042.43
730.092 1040.26
730.091 1038.08
730.062 1035.92
730.021 1033.77
729.974 1031.61
730.068 1029.47
730.325 1027.35
730.754 1025.27
731.477 1023.27
732.194 1021.27
732.413 1019.2
732.055 1017.13
731.361 1015.13
730.763 1013.08
730.289 1011.02
729.971 1008.94
729.864 1006.84
729.981 1004.74
730.175 1002.63
730.508 1000.54
731.268 998.576
732.295 996.724
733.352 994.906
734.748 993.301
735.842 991.479
737.324 989.885
738.171 987.955
738.724 985.895
739.4 983.874
740.121 981.865
740.551 979.787
740.798 977.686
740.828 975.58
740.696 973.475
740.401 971.383
739.859 969.34
739.053 967.368
738.48 965.345
738.146 963.263
737.817 961.185
737.2 959.18
736.332 957.254
735.327 955.395
734.373 953.514
733.801 951.493
733.668 949.393
734.034 947.335
735.175 945.565
736.484 943.899
738.191 942.654
739.837 941.298
741.594 940.12
743.346 938.885
745.242 937.902
747.226 937.101
749.083 935.929
751.231 935.603
753.359 935.247
755.043 933.822
756.856 932.629
758.763 931.572
760.745 930.631
762.736 929.725
764.611 928.527
766.666 927.694
768.811 927.107
770.523 925.64
772.359 924.379
774.117 922.983
775.959 921.691
778.112 920.91
780.108 919.823
781.999 918.521
783.963 917.337
786.134 916.472
788.124 915.281
789.969 913.872
791.857 912.466
793.948 911.376
795.883 910.044
797.73 908.617
799.599 907.182
801.73 906.216
803.887 905.386
805.892 904.216
807.95 903.123
809.792 901.617
811.72 900.286
813.549 898.846
815.477 897.557
817.345 896.222
819.083 894.749
821.107 893.823
823.321 893.428
825.51 892.942
827.624 892.223
829.471 890.963
831.188 889.53
832.463 887.691
834.198 886.313
835.912 884.924
837.675 883.579
839.501 882.262
841.469 881.167
843.446 880.038
845.403 878.801
847.384 877.58
849.463 876.531
851.449 875.31
853.463 874.142
855.538 873.039
857.368 871.517
859.086 869.882
861.018 868.552
863.036 867.362
865.106 866.26
867.159 865.21
868.946 863.676
870.921 862.443
872.893 861.243
874.885 860.126
876.824 858.884
878.868 857.836
880.795 856.632
882.656 855.343
884.273 853.708
886.085 852.358
887.848 850.902
889.888 849.842
891.906 848.786
893.685 847.325
895.503 845.91
897.62 845.036
899.832 844.453
902.126 844.246
904.329 844.809
906.038 846.307
907.412 848.15
908.579 850.178
909.917 852.075
911.617 853.707
913.207 855.47
914.486 857.467
915.965 859.296
917.505 861.06
919.106 862.808
919.959 865.004
921.649 866.604
923.189 868.305
924.715 870.016
926.205 871.774
927.552 873.695
929.223 875.332
930.695 877.092
932.003 878.995
933.344 880.812
935.149 882.169
936.931 883.514
938.584 884.967
940.235 886.439
942.036 887.733
943.525 889.45
945.103 891.075
946.536 892.812
948.058 894.49
949.826 895.914
951.51 897.534
953.609 898.543
955.667 899.634
957.719 900.724
959.904 901.55
962.183 902.12
964.486 902.669
966.814 903.193
969.012 903.965
970.928 905.468
973.195 905.92
975.548 905.798
977.887 905.662
980.232 905.56
982.565 905.296
984.763 904.445
986.951 903.588
989.108 902.677
991.268 901.729
993.471 900.948
995.69 900.199
997.817 899.196
999.98 898.267
1002.11 897.245
1003.91 895.676
1005.51 893.949
1006.38 891.762
1007.09 889.507
1007.21 887.194
1005.95 885.131
1005.04 882.959
1003.98 880.888
1002.56 879.003
1001.49 876.879
999.945 875.079
998.688 873.13
997.559 871.104
996.715 868.929
995.667 866.849
994.5 864.834
993.455 862.764
992.506 860.639
991.351 858.623
990.122 856.643
989.213 854.521
988.307 852.403
987.15 850.398
986.155 848.333
985.237 846.251
984.179 844.233
983.011 842.283
981.84 840.341
980.937 838.282
980.017 836.226
978.878 834.287
977.751 832.364
976.367 830.614
975.297 828.665
974.141 826.768
973.224 824.773
972.111 822.87
971.088 820.926
970.113 818.962
969.116 817.018
967.793 815.209
967.046 813.109
965.931 811.159
965.248 809.047
964.716 806.867
964.81 804.658
965.735 802.679
967.449 801.242
969.239 799.889
971.289 798.989
972.944 797.409
974.889 796.265
976.685 794.909
978.455 793.558
980.05 791.991
981.884 790.795
983.687 789.492
985.603 788.35
987.221 786.852
988.628 785.159
989.723 783.232
990.792 781.277
991.789 779.301
992.93 777.395
993.692 775.321
994.386 773.237
995.062 771.144
995.835 769.081
996.341 766.951
996.621 764.781
996.832 762.62
996.981 760.47
997.063 758.328
997.125 756.191
997.232 754.069
997.46 751.968
997.751 749.885
997.851 747.793
997.974 745.706
998.451 743.674
999.092 741.684
999.335 739.626
999.43 737.557
999.53 735.493
999.592 733.44
999.601 731.392
999.599 729.348
999.596 727.309
999.604 725.283
999.649 723.264
999.747 721.241
999.941 719.216
1000.37 717.225
1000.81 715.234
1001.04 713.218
1001.05 711.189
1001.08 709.166
1001.16 707.15
1001.23 705.14
1001.23 703.131
1001.25 701.116
1001.29 699.104
1001.33 697.096
1001.34 695.088
1001.33 693.084
1001.33 691.08
1001.33 689.077
1001.34 687.075
1001.34 685.074
1001.37 683.076
1001.47 681.083
1001.69 679.1
1001.83 677.111
1001.88 675.11
1001.96 673.105
1002.22 671.11
1002.38 669.11
1002.41 667.104
1002.41 665.097
1002.43 663.092
1002.51 661.092
1002.64 659.089
1002.83 657.085
1003.14 655.092
1003.37 653.104
1003.55 651.111
1003.68 649.113
1003.7 647.112
1003.7 645.11
1003.7 643.108
1003.75 641.106
1003.93 639.115
1004.12 637.124
1004.25 635.13
1004.37 633.139
1004.61 631.155
1004.76 629.166
1004.8 627.168
1004.83 625.165
1004.89 623.161
1004.97 621.157
1005.06 619.153
1005.12 617.153
1005.1 615.154
1005.12 613.157
1005.18 611.155
1005.31 609.151
1005.62 607.162
1005.81 605.169
1005.9 603.167
1005.95 601.159
1006.05 599.147
1006.11 597.134
1006.13 595.121
1006.24 593.114
1006.59 591.134
1007.04 589.16
1007.31 587.164
1007.44 585.16
1007.55 583.157
1007.61 581.143
1007.61 579.13
1007.61 577.124
1007.61 575.12
1007.62 573.122
1007.63 571.12
1007.65 569.114
1007.71 567.107
1007.77 565.098
1007.85 563.09
1007.9 561.077
1007.98 559.064
1008.2 557.056
1008.59 555.068
1008.89 553.069
1008.95 551.05
1008.81 549.041
1008.56 547.041
1008.27 545.049
1008.03 543.054
1007.96 541.042
1007.96 539.028
1007.96 537.015
1007.93 535.003
1007.92 532.999
1007.91 530.994
1007.93 528.991
1008.13 526.999
1008.5 525.021
1008.83 523.042
1009.02 521.044
1009.1 519.039
1009.15 517.033
1009.17 515.027
1009.21 513.024
1009.24 511.023
1009.26 509.014
1009.27 507.007
1009.3 505.005
1009.35 503.005
1009.37 501.014
1009.37 499.024
1009.37 497.033
1009.38 495.044
1009.38 493.057
1009.39 491.071
1009.43 489.086
1009.63 487.109
1009.79 485.127
1009.85 483.135
1009.93 481.137
1010.14 479.142
1010.31 477.148
1010.34 475.147
1010.34 473.146
1010.33 471.146
1010.38 469.15
1010.46 467.15
1010.56 465.143
1010.65 463.132
1010.77 461.117
1010.99 459.108
1011.36 457.112
1011.61 455.1
1011.76 453.103
1011.94 451.107
1012.07 449.107
1012.18 447.103
1012.29 445.1
1012.38 443.098
1012.49 441.098
1012.74 439.112
1012.94 437.117
1013.05 435.12
1013.17 433.128
1013.33 431.139
1013.4 429.16
1013.4 427.177
1013.45 425.193
1013.69 423.218
1013.88 421.224
1013.97 419.22
1014.1 417.213
1014.18 415.2
1014.33 413.188
1014.61 411.186
1014.95 409.192
1015.33 407.202
1015.47 405.19
1015.51 403.177
1015.53 401.168
1015.58 399.162
1015.61 397.151
1015.64 395.147
1015.72 393.14
1015.76 391.123
1015.9 389.126
1016.48 387.193
1017.03 385.249
1017.2 383.243
1017.28 381.234
1017.35 379.23
1017.46 377.232
1017.8 375.261
1018.15 373.28
1018.34 371.275
1018.41 369.258
1018.44 367.237
1018.5 365.226
1018.62 363.212
1018.87 361.206
1019.35 359.237
1019.69 357.258
1019.9 355.259
1020.13 353.263
1020.44 351.277
1020.67 349.281
1020.8 347.276
1020.93 345.271
1021.19 343.28
1021.37 341.281
1021.44 339.275
1021.52 337.268
1021.7 335.263
1021.84 333.249
1021.96 331.23
1022.3 329.236
1022.89 327.289
1023.26 325.298
1023.41 323.276
1023.5 321.248
1023.63 319.224
1023.75 317.199
1023.84 315.177
1023.88 313.157
1023.99 311.145
1024.5 309.19
1025.03 307.235
1025.21 305.227
1025.27 303.209
1025.34 301.2
1025.41 299.186
1025.52 297.167
1025.75 295.151
1025.9 293.13
1025.92 291.101
1025.98 289.072
1026.27 287.056
1026.47 285.034
1026.61 282.998
1026.78 280.954
1027.16 278.932
1027.66 276.917
1028.05 274.879
1028.19 272.811
1028.14 270.732
1028.2 268.658
1028.31 266.583
1028.48 264.505
1028.75 262.427
1028.9 260.33
1029.06 258.23
1029.21 256.124
1029.39 254.025
1029.47 251.909
1029.54 249.775
1029.61 247.625
1029.64 245.459
1029.58 243.289
1029.45 241.132
1029.18 238.994
1028.83 236.847
1028.31 234.723
1027.39 232.727
1026.14 230.903
1024.79 229.107
1023.2 227.532
1021.25 226.365
1019.3 225.188
1017.49 223.725
1015.23 223.126
1013.36 221.698
1011.39 220.503
1009.46 219.214
1007.51 217.955
1005.31 217.207
1003.19 216.329
1001.23 215.123
999.385 213.687
997.34 212.574
995.31 211.44
993.252 210.365
991.092 209.521
988.801 209.164
986.461 209.036
984.209 208.464
982.169 207.329
980.336 205.845
978.432 204.507
976.85 202.766
975.133 201.152
973.229 199.689
971.395 198.186
969.628 196.618
967.72 195.196
965.965 193.632
964.555 191.743
962.962 190.048
961.372 188.388
959.557 186.936
957.734 185.502
956.367 183.634
955.015 181.757
953.422 180.128
951.579 178.734
949.777 177.314
948.45 175.442
947.145 173.54
945.544 171.929
943.655 170.598
941.852 169.19
940.548 167.3
939.24 165.393
937.613 163.794
935.703 162.483
933.835 161.144
932.322 159.413
930.827 157.656
929.149 156.131
927.311 154.738
925.397 153.425
923.883 151.66
922.358 149.925
920.548 148.542
918.701 147.215
916.675 146.148
914.757 144.934
913.078 143.376
911.439 141.729
909.515 140.471
907.617 139.199
905.637 138.084
903.562 137.11
901.846 135.636
900.341 133.929
898.366 132.885
896.417 131.753
894.728 130.233
892.85 129.006
890.924 127.841
888.803 127.059
887.182 125.4
885.304 124.1
883.437 122.791
881.47 121.649
879.518 120.43
877.517 119.315
875.73 117.851
873.61 117.06
871.487 116.22
869.531 115.034
867.586 113.89
865.693 112.656
863.691 111.608
861.501 110.994
859.768 109.454
857.806 108.366
855.722 107.511
853.634 106.72
851.586 105.872
849.573 104.945
847.74 103.624
845.728 102.71
843.625 102.058
841.496 101.539
839.492 100.675
837.594 99.573
835.611 98.6886
833.52 98.129
831.436 97.5737
829.374 96.9999
827.364 96.2341
825.28 95.6977
823.227 95.1034
821.252 94.2389
819.165 93.7857
817.058 93.4859
815.015 92.9156
813.031 92.1868
811.1 91.3046
809.12 90.596
807.056 90.2507
804.969 90.0976
802.892 89.9311
800.82 89.7251
798.774 89.3529
796.713 89.1391
794.659 88.8811
792.64 88.4038
790.619 87.9527
788.562 87.7064
786.498 87.5483
784.433 87.4267
782.378 87.2842
780.338 87.0208
778.321 86.5883
776.291 86.235
774.25 86.0551
772.209 85.9546
770.169 85.9141
768.133 85.8783
766.1 85.8737
764.066 85.8584
762.032 85.8587
759.999 85.8762
757.96 85.8929
755.924 85.8364
753.891 85.7774
751.858 85.7831
749.827 85.8147
747.793 85.8482
745.756 85.8723
743.719 85.8499
741.685 85.8331
739.66 86.0056
737.681 86.5207
735.698 87.0266
733.656 87.22
731.607 87.3519
729.561 87.4968
727.541 87.8147
725.583 88.4112
723.611 88.9479
721.592 89.2105
719.577 89.4838
717.564 89.8201
715.534 90.0076
713.498 90.1222
711.463 90.257
709.426 90.455
707.409 90.8252
705.436 91.4331
703.468 92.0729
701.445 92.4561
699.396 92.4743
697.395 92.0017
695.503 91.1283
693.69 90.0626
691.821 89.1552
689.983 88.165
688.041 87.4198
686.225 86.4402
684.369 85.5392
682.369 85.0184
680.459 84.1997
678.654 83.0908
676.694 82.389
674.645 81.9864
672.592 81.6282
670.576 81.1051
668.635 80.301
666.828 79.2119
665.051 78.0907
663.113 77.2946
661.098 76.6661
659.088 75.9984
657.133 75.1528
655.105 74.5482
653.014 74.2098
650.906 73.9449
648.807 73.6642
646.743 73.1988
644.731 72.5371
642.77 71.7165
640.717 71.1826
638.712 70.513
636.672 69.9527
634.58 69.6897
632.484 69.4395
630.454 68.8774
628.398 68.4174
626.345 67.9058
624.31 67.2995
622.251 66.8167
620.151 66.5818
618.04 66.452
615.927 66.3153
613.82 66.1521
611.71 66.0108
609.594 65.8851
607.472 65.7434
605.347 65.6241
603.212 65.6021
601.07 65.6421
598.924 65.8199
596.754 65.9663
594.581 66.1369
592.404 66.3521
590.244 66.7375
588.164 67.4726
586.117 68.3326
584.028 69.0723
581.901 69.716
579.806 70.4774
577.791 71.4708
575.808 72.553
573.845 73.6634
571.858 74.7039
569.984 75.9706
568.129 77.2676
566.809 79.1476
564.917 80.4448
563.339 82.0767
561.871 83.8078
560.384 85.5417
559.228 87.5325
557.596 89.193
556.095 90.9132
554.683 92.7163
553.442 94.6436
551.854 96.3267
550.598 98.2018
549.411 100.118
548.553 102.206
547.427 104.178
546.415 106.197
545.722 108.324
545.08 110.477
544.016 112.455
543.059 114.488
542.113 116.499
541.442 118.587
540.585 120.601
539.623 122.568
538.716 124.558
538.244 126.661
537.981 128.799
537.647 130.918
537.309 133.034
536.511 135.008
535.674 136.971
535.341 139.06
534.972 141.135
534.328 143.163
533.868 145.205
533.674 147.281
533.539 149.354
533.211 151.393
532.7 153.4
532.349 155.441
532.012 157.489
531.702 159.546
531.537 161.617
531.483 163.693
531.439 165.766
531.353 167.834
531.296 169.883
531.294 171.931
531.487 173.96
532.046 175.936
532.361 177.971
532.428 180.034
532.527 182.095
532.86 184.135
533.061 186.184
533.129 188.235
533.22 190.278
533.462 192.308
533.603 194.352
533.699 196.404
533.836 198.465
534.094 200.509
534.569 202.53
535.077 204.548
535.347 206.616
535.752 208.661
536.356 210.665
536.979 212.656
537.337 214.703
537.781 216.729
538.162 218.764
538.56 220.81
539.088 222.838
539.761 224.81
540.408 226.786
541.025 228.782
541.483 230.811
542.012 232.826
542.981 234.698
543.671 236.678
544.441 238.642
545.26 240.566
545.768 242.583
546.299 244.603
546.811 246.619
547.411 248.613
548.113 250.579
548.816 252.555
549.434 254.544
550.144 256.498
551.127 258.356
551.92 260.291
552.734 262.241
553.328 264.24
553.778 266.275
554.382 268.277
555.123 270.224
556.05 272.115
556.735 274.108
557.123 276.164
557.421 278.211
557.947 280.208
558.726 282.156
559.52 284.079
560.43 285.961
561.208 287.895
561.647 289.922
562.1 291.954
562.587 293.963
563.096 295.952
563.678 297.913
564.414 299.842
565.065 301.783
565.486 303.758
565.723 305.763
565.932 307.764
566.142 309.763
565.925 311.748
565.289 313.672
564.248 315.397
562.69 316.675
560.913 317.657
559.179 318.756
557.205 319.34
555.168 319.711
553.131 320.18
551.073 320.613
548.99 320.874
546.907 321.091
544.829 321.308
542.783 321.757
540.72 322.224
538.654 322.749
536.668 323.568
534.7 324.483
532.637 325.08
530.501 325.401
528.433 325.987
526.633 327.288
524.63 328.173
522.586 329.019
520.832 330.268
519.986 332.288
519.542 334.486
518.428 336.385
516.546 337.54
514.408 338.237
512.522 339.352
511.138 341.097
509.725 342.873
508.374 344.631
506.915 346.319
505.389 347.941
503.546 349.184
501.527 350.133
499.645 351.331
497.702 352.428
495.619 353.215
493.456 353.618
491.271 353.974
489.111 354.456
487.01 355.14
484.962 356.025
482.93 356.969
480.944 357.996
479.177 359.478
477.14 360.559
475.152 361.706
473.149 362.785
471.263 364.094
469.248 365.235
467.365 366.553
465.619 368.104
463.555 369.068
461.314 369.588
459.136 370.275
457.075 371.271
455.139 372.527
453.161 373.789
451.506 375.484
449.761 377.068
447.65 378.092
445.611 379.239
443.813 380.744
441.899 382.053
440.089 383.559
438.148 384.888
436.012 385.787
433.879 386.688
431.738 387.6
429.567 388.47
427.532 389.558
425.852 391.221
423.923 392.495
422.01 393.797
419.992 394.887
418.028 396.086
415.931 397.033
413.887 398.032
411.978 399.271
410.084 400.529
408.274 401.914
406.932 403.826
404.904 404.915
402.829 405.883
401.225 407.573
399.474 409.085
397.422 410.174
395.612 411.561
394.231 413.377
393.174 415.427
391.896 417.366
391.31 419.544
391.086 421.833
390.781 424.102
390.681 426.378
390.76 428.652
391.042 430.914
391.406 433.167
391.409 435.464
390.704 437.648
389.5 439.624
388.044 441.425
386.265 442.894
384.434 444.32
382.702 445.85
381.055 447.523
379.628 449.388
378.063 451.107
376.387 452.731
374.92 454.541
372.857 455.719
371.21 457.407
369.511 458.992
367.678 460.457
365.928 461.983
364.697 463.928
363.696 466.024
362.653 468.093
361.909 470.262
361.3 472.467
360.782 474.686
360.14 476.871
359.778 479.11
359.593 481.36
359.481 483.607
359.407 485.846
359.24 488.066
358.634 490.21
357.955 492.338
357.723 494.538
357.667 496.746
357.713 498.948
358.04 501.117
358.746 503.216
359.302 505.345
359.99 507.424
360.917 509.427
361.505 511.529
361.83 513.698
361.825 515.892
361.578 518.073
360.92 520.17
359.912 522.154
359.392 524.263
359.233 526.447
359.307 528.645
359.58 530.825
360.685 532.626
362.582 533.522
364.739 533.631
366.856 533.212
368.789 532.233
370.593 530.988
372.642 530.26
374.798 529.91
376.962 529.784
378.994 530.407
380.879 531.464
382.717 532.596
384.259 534.086
385.479 535.875
386.269 537.925
387.267 539.871
388.484 541.702
389.627 543.597
391.044 545.295
392.403 547.063
392.079 549.164
390.702 550.936
389.405 552.723
388.043 554.441
386.447 555.999
385.116 557.751
383.68 559.474
382.151 561.106
380.191 562.119
378.201 563.078
376.518 564.473
375.032 566.11
373.318 567.606
371.717 569.206
369.837 570.391
367.87 571.451
365.867 572.471
363.797 573.247
361.726 574.028
359.948 575.406
358.249 576.803
356.282 577.718
354.304 578.601
352.401 579.633
350.671 580.917
349.029 582.343
347.669 584.009
346.753 585.992
346.221 588.11
345.921 590.247
345.829 592.386
345.831 594.532
345.801 596.672
345.691 598.805
345.553 600.924
345.531 603.04
345.536 605.148
345.554 607.251
345.568 609.331
345.581 611.4
345.602 613.46
345.681 615.511
345.766 617.567
345.781 619.62
345.78 621.669
345.77 623.715
345.77 625.76
345.761 627.802
345.782 629.841
345.835 631.879
345.863 633.919
345.867 635.959
345.858 637.999
345.824 640.04
345.807 642.083
345.805 644.128
345.811 646.176
345.834 648.229
345.856 650.293
345.905 652.353
346.007 654.407
346.272 656.448
346.364 658.511
346.359 660.59
346.347 662.678
346.369 664.766
346.443 666.857
346.508 668.958
346.432 671.066
346.157 673.167
345.911 675.282
345.526 677.38
344.701 679.368
343.377 681.059
341.681 682.44
340.274 684.074
338.907 685.753
337.784 687.604
337.156 689.692
336.484 691.768
335.594 693.78
334.628 695.768
333.442 697.662
332.369 699.607
331.211 701.503
330.086 703.423
329.178 705.458
328.092 707.394
326.768 709.203
325.668 711.145
324.637 713.106
323.546 715.029
322.503 716.977
321.708 719.029
320.802 721.001
319.7 722.89
318.861 724.897
317.894 726.862
317.365 728.975
316.788 731.05
316.007 733.068
315.26 735.099
314.619 737.153
313.99 739.192
313.462 741.262
312.899 743.341
312.076 745.346
311.256 747.341
310.23 749.235
309.605 751.278
309.114 753.349
308.439 755.375
307.697 757.385
307.101 759.432
306.546 761.48
306.019 763.54
305.527 765.61
305.009 767.676
304.145 769.647
303.246 771.592
302.218 773.47
301.551 775.494
300.936 777.529
300.074 779.485
299.13 781.408
298.369 783.395
297.638 785.413
297.162 787.484
296.552 789.512
295.561 791.413
294.828 793.405
294.132 795.415
293.548 797.453
292.733 799.407
291.654 801.251
290.699 803.148
290.114 805.177
289.634 807.222
289.213 809.286
288.619 811.308
287.851 813.288
287.494 815.372
287.159 817.451
286.436 819.434
285.824 821.441
285.512 823.515
285.078 825.554
284.384 827.536
283.658 829.51
283.063 831.52
282.463 833.511
281.961 835.537
281.59 837.596
281.174 839.636
280.488 841.627
279.673 843.586
279.009 845.582
277.96 847.438
277.264 849.416
276.597 851.412
275.911 853.407
275.334 855.427
274.771 857.447
274.184 859.466
273.641 861.489
273.093 863.503
272.192 865.424
271.489 867.395
271.016 869.44
269.98 871.31
269.409 873.303
269.238 875.375
269.161 877.454
269.12 879.534
269.108 881.623
269.108 883.712
269.15 885.798
269.353 887.875
269.483 889.965
269.558 892.049
269.608 894.131
269.639 896.211
269.691 898.294
269.884 900.365
270.411 902.388
271.152 904.362
271.548 906.435
271.987 908.511
272.182 910.623
271.359 912.544
269.952 914.174
268.689 915.874
267.11 917.298
265.709 918.894
264.333 920.444
263.262 922.267
262.263 924.132
261.894 926.192
262.237 928.28
262.853 930.342
263.123 932.467
262.926 934.601
262.241 936.661
261.799 938.766
261.641 940.908
261.529 943.06
261.11 945.169
260.022 947.041
258.391 948.529
256.736 949.949
255.425 951.701
254.637 953.769
253.957 955.876
253.415 958.026
252.278 959.928
250.943 961.746
249.572 963.511
247.99 965.132
247.178 967.257
245.534 968.773
244.01 970.355
242.555 972
241.196 973.703
239.696 975.339
238.294 977.021
236.824 978.604
235.519 980.307
234.428 982.122
233.916 984.149
233.84 986.24
234.101 988.315
234.763 990.299
235.769 992.187
236.132 994.238
235.419 996.193
234.021 997.776
232.315 998.984
230.251 999.276
228.183 999.398
226.107 999.476
224.03 999.677
222.011 1000.17
220.022 1000.79
217.993 1001.17
215.948 1001.4
213.908 1001.7
211.858 1001.76
209.804 1001.68
207.746 1001.46
205.699 1001.18
203.632 1001.08
201.558 1001.17
199.484 1001.34
197.399 1001.47
195.306 1001.53
193.209 1001.53
191.118 1001.33
189.049 1000.89
187.037 1000.13
184.921 999.831
182.761 999.93
180.619 1000.32
178.473 1000.74
176.302 1001.03
174.122 1001.25
171.956 1001.51
169.831 1002.02
167.752 1002.75
165.794 1003.79
163.857 1004.83
161.994 1006.01
160.332 1007.54
158.769 1009.17
156.977 1010.55
155.513 1012.26
154.442 1014.24
154.077 1016.46
154.092 1018.74
154.235 1021.03
154.603 1023.29
155.31 1025.46
156.231 1027.57
157.09 1029.7
157.773 1031.88
158.71 1033.99
159.785 1036.04
161.005 1038.01
161.939 1040.13
163.121 1042.14
164.541 1044.01
165.975 1045.85
166.776 1046.75
167.577 1047.64
169.091 1049.51
170.428 1051.45
171.916 1053.29
173.391 1055.14
175.297 1056.54
176.933 1058.22
178.556 1059.87
180.238 1061.45
181.812 1063.17
183.883 1064.24
185.722 1065.72
187.52 1067.2
189.396 1068.6
191.413 1069.79
193.202 1071.28
194.853 1072.91
196.904 1073.87
199.017 1074.75
200.958 1075.94
202.974 1076.89
205.062 1077.72
207.022 1078.87
209.186 1079.33
211.345 1079.77
213.335 1080.71
215.398 1081.41
217.518 1081.89
219.602 1082.5
221.674 1083.12
223.749 1083.7
225.859 1084.15
227.989 1084.43
230.119 1084.66
232.226 1085
234.354 1085.08
236.48 1084.99
238.602 1084.85
240.709 1084.61
242.816 1084.42
244.91 1084.14
246.974 1083.7
249.016 1083.15
251.103 1082.93
253.197 1082.87
255.285 1082.74
257.386 1082.56
259.497 1082.51
261.609 1082.43
263.712 1082.17
265.828 1081.98
267.956 1082.09
270.03 1082.63
271.801 1083.89
273.31 1085.45
274.445 1087.32
276.029 1088.75
277.977 1089.61
280.108 1089.86

16

382.746 516.246
381.337 514.651
380.505 512.694
380.5 510.7
380.661 508.677
381.724 506.736
383.33 505.263
384.753 503.617
386.474 502.467
388.516 503.761
387.653 505.857
387.129 507.982
386.404 510.161
385.515 512.226
385.487 514.348
384.661 516.351

