CONTOUR

1

1586

392.832 1101.77
395.065 1101.9
397.304 1102.01
399.546 1102.11
401.778 1102.02
404.001 1101.83
406.173 1101.44
408.243 1100.69
410.28 1099.84
412.409 1099.28
414.585 1099.68
416.681 1100.46
418.77 1101.14
420.911 1101.46
423.083 1101.43
425.216 1101
427.185 1100.08
428.925 1098.73
430.584 1097.3
432.001 1095.59
433.437 1093.87
434.65 1092.03
435.899 1090.19
436.977 1088.26
438.134 1086.38
439.096 1084.4
439.877 1082.35
440.651 1080.3
441.411 1078.26
442.106 1076.2
442.846 1074.14
443.688 1072.11
444.578 1070.11
445.351 1068.05
446.611 1066.27
448.609 1065.51
450.728 1065.92
452.605 1067.03
454.339 1068.39
456.27 1069.39
458.423 1069.74
460.626 1069.82
462.839 1069.75
465.044 1069.48
467.23 1069.11
469.346 1068.45
471.37 1067.49
473.42 1066.59
475.543 1065.92
477.66 1065.22
479.64 1064.14
481.668 1063.17
483.589 1061.97
485.635 1061.04
487.489 1059.71
489.412 1058.5
491.356 1057.36
493.042 1055.84
494.65 1054.27
496.233 1052.68
497.8 1051.04
499.237 1049.28
500.593 1047.43
501.838 1045.51
503.107 1043.59
503.921 1041.43
505.061 1039.41
505.466 1037.16
505.577 1034.87
505.573 1032.58
505.352 1030.32
504.572 1028.19
503.329 1026.28
501.83 1024.55
500.449 1022.75
499.014 1020.97
497.44 1019.36
495.61 1018.08
493.552 1017.2
491.777 1015.91
490.261 1014.28
488.874 1012.59
487.639 1010.81
486.248 1009.15
485.383 1007.24
485.013 1005.13
484.92 1002.99
485.154 1000.88
485.78 998.889
487.203 997.335
488.877 996.04
490.667 994.978
492.674 994.572
494.722 994.508
496.766 994.531
498.802 994.531
500.826 994.694
502.85 994.934
504.868 995.123
506.884 995.311
508.902 995.482
510.924 995.556
512.925 995.554
514.925 995.578
516.931 995.64
518.939 995.796
520.915 996.227
522.919 996.475
524.937 996.647
526.949 996.884
528.927 997.214
530.93 997.318
532.951 997.321
534.973 997.365
536.986 997.436
538.998 997.454
541.012 997.522
543.034 997.679
545.061 997.867
547.092 997.949
549.118 997.988
551.135 998.084
553.127 998.415
555.092 998.949
557.094 999.277
559.122 999.172
561.141 998.825
563.178 998.835
565.212 998.947
567.245 999.012
569.288 999.036
571.335 999.038
573.386 999.051
575.439 999.112
577.485 999.191
579.535 999.216
581.588 999.178
583.635 998.988
585.688 998.838
587.749 998.794
589.811 998.787
591.877 998.779
593.958 998.753
596.037 998.735
598.116 998.756
600.183 998.999
602.241 999.266
604.304 999.163
606.244 998.489
607.95 997.323
609.504 995.931
610.179 993.972
610.502 991.898
610.743 989.822
610.851 987.736
610.897 985.646
610.855 983.556
610.939 981.483
611.543 979.513
612.687 977.766
613.952 976.092
615.744 975.046
617.531 973.972
619.521 973.512
621.566 973.303
623.624 973.131
625.619 972.644
627.456 971.668
629.344 970.84
631.336 970.335
633.328 969.804
635.37 969.585
637.427 969.444
639.434 969.04
641.244 967.963
643.223 967.443
645.26 967.11
647.281 966.704
649.248 966.004
651.293 965.733
653.357 965.659
655.426 965.636
657.511 965.599
659.602 965.526
661.705 965.484
663.815 965.496
665.917 965.534
668.032 965.601
670.161 965.685
672.305 965.728
674.461 965.813
676.604 966.13
678.589 967.072
680.569 968.005
682.324 969.362
684.093 970.698
685.49 972.456
687.148 973.992
688.499 975.779
689.917 977.527
691.389 979.237
693.048 980.777
695.035 981.875
697.085 982.83
699.299 983.152
701.501 982.726
703.538 981.739
705.45 980.511
706.959 978.798
708.391 977.01
709.371 974.961
709.644 972.694
709.644 970.408
709.649 968.136
709.609 965.869
709.409 963.621
709.039 961.411
708.491 959.244
708.022 957.084
707.484 954.95
706.991 952.817
706.629 950.67
706.242 948.553
705.898 946.448
705.555 944.35
704.903 942.322
704.262 940.306
703.809 938.251
703.486 936.181
703.177 934.12
702.802 932.071
702.452 930.028
701.916 928.044
701.398 926.058
701.059 924.049
700.754 922.034
700.566 920.005
700.405 917.98
700.092 915.975
699.588 913.998
699.106 912.019
698.735 910.025
698.537 908.015
698.416 906.006
698.243 904.013
697.929 902.033
697.718 900.048
697.557 898.067
697.486 896.086
697.495 894.109
697.521 892.134
697.578 890.162
697.658 888.191
697.813 886.227
697.899 884.264
697.934 882.294
697.966 880.319
698.108 878.351
698.286 876.381
698.701 874.446
699.575 872.649
700.762 871.031
702.438 870.021
704.385 869.793
706.338 869.895
708.12 870.652
709.358 872.166
709.916 874.125
710.638 876.021
711.431 877.869
711.862 879.848
712.291 881.842
712.432 883.873
712.017 885.867
711.289 887.78
710.274 889.602
709.676 891.572
709.418 893.629
709.057 895.667
708.451 897.655
707.835 899.655
707.503 901.716
707.496 903.812
707.594 905.901
707.915 907.97
708.513 909.977
709.232 911.951
709.863 913.969
711.04 915.764
711.996 917.651
713.148 919.448
714.233 921.28
715.833 922.712
717.096 924.408
717.776 926.406
718.204 928.489
718.457 930.603
718.473 932.725
718.173 934.833
717.717 936.928
717.466 939.043
717.376 941.169
717.377 943.298
717.488 945.426
717.89 947.513
718.97 949.419
719.577 951.479
720.144 953.549
720.416 955.677
720.507 957.84
720.803 959.979
721.108 962.148
721.038 964.333
720.381 966.444
719.471 968.492
718.759 970.612
718.179 972.779
718.169 974.998
718.983 977.063
720.431 978.797
721.838 980.547
723.692 981.836
725.495 983.169
727.58 984.033
729.585 985.119
731.788 985.496
734.029 985.59
736.267 985.579
738.511 985.573
740.753 985.598
742.991 985.582
745.239 985.416
747.475 985.174
749.701 984.956
751.943 984.871
753.934 983.876
755.928 982.892
757.847 981.768
759.705 980.59
761.382 979.136
762.555 977.268
763.565 975.294
764.275 973.211
764.571 971.042
764.61 968.854
764.594 966.668
764.517 964.493
764.417 962.325
764.338 960.164
764.281 958.015
764.205 955.874
764.051 953.738
763.98 951.607
764.373 949.519
765.11 947.516
765.514 945.459
765.639 943.369
765.663 941.274
765.634 939.176
765.47 937.096
765.005 935.059
764.636 932.979
764.368 930.888
764.055 928.803
763.807 926.708
764.278 924.662
765.126 922.721
765.959 920.798
767.192 919.06
768.307 917.26
769.245 915.359
769.744 913.284
770.518 911.294
771.494 909.365
772.274 907.364
772.364 905.234
771.944 903.105
771.677 900.978
771.531 898.832
771.263 896.706
770.455 894.687
769.748 892.627
769.264 890.506
768.538 888.456
767.76 886.408
767.029 884.334
765.969 882.381
765.629 880.243
765.774 878.064
766.407 875.97
767.625 874.132
769.338 872.728
771.2 871.504
773.201 870.525
775.173 869.471
777.098 868.334
778.854 866.965
780.707 865.731
782.567 864.506
784.291 863.1
785.776 861.378
787.375 859.743
788.762 857.928
789.827 855.905
791.044 853.959
792.172 851.999
793.489 850.14
794.859 848.32
796.483 846.715
797.609 844.767
798.531 842.689
799.739 840.791
801.261 839.085
802.209 837.022
803.225 835.003
804.448 833.099
805.333 831.035
805.956 828.877
806.979 826.86
807.733 824.756
808.626 822.704
809.257 820.57
809.631 818.377
810.256 816.258
811.417 814.362
812.586 812.48
813.821 810.652
815.709 809.587
817.87 809.027
819.858 808.001
822.017 807.65
824.221 807.779
826.42 807.8
828.622 807.743
830.835 807.595
833.044 807.363
835.259 807.191
837.304 806.306
839.377 805.49
841.425 804.634
843.198 803.308
844.666 801.63
845.802 799.673
847.277 797.978
848.897 796.429
850.015 794.522
850.913 792.501
851.926 790.526
852.451 788.403
852.54 786.219
852.328 784.041
851.821 781.916
851.196 779.826
850.499 777.758
849.88 775.675
849.462 773.551
848.919 771.466
847.966 769.499
847.588 767.39
847.307 765.27
846.664 763.233
845.845 761.26
845.359 759.213
844.993 757.132
844.539 755.071
843.848 753.079
842.897 751.174
842.371 749.147
841.847 747.124
841.36 745.103
840.67 743.14
840.099 741.114
839.731 739.055
839.624 736.962
839.8 734.871
840.461 732.865
841.196 730.895
841.818 728.899
842.823 727.042
843.949 725.255
844.825 723.354
845.433 721.347
846.05 719.326
847.24 717.549
848.1 715.63
848.798 713.631
849.634 711.693
850.508 709.777
851.468 707.896
852.392 705.997
852.949 703.975
853.344 701.911
853.574 699.818
853.915 697.755
854.824 695.859
855.674 693.936
856.27 691.937
856.771 689.901
857.425 687.923
857.99 685.926
858.256 683.869
858.483 681.801
858.778 679.744
859.161 677.705
859.455 675.656
859.684 673.6
859.879 671.545
859.983 669.486
860.002 667.427
859.964 665.371
859.872 663.321
859.808 661.278
859.793 659.237
859.794 657.199
859.795 655.164
859.795 653.131
859.801 651.1
859.832 649.072
859.882 647.046
859.804 645.022
859.607 643.007
859.373 640.997
859.093 638.993
858.948 636.975
858.819 634.961
858.668 632.953
858.494 630.948
858.421 628.931
858.412 626.914
858.407 624.897
858.373 622.883
858.308 620.874
858.211 618.873
858.046 616.88
857.698 614.906
857.553 612.901
857.543 610.892
857.451 608.893
857.06 606.927
856.715 604.937
856.512 602.93
856.379 600.917
856.302 598.9
856.065 596.893
855.775 594.905
855.646 592.909
855.571 590.912
855.56 588.915
855.562 586.914
855.54 584.909
855.426 582.907
855.273 580.915
855.067 578.923
854.826 576.928
854.655 574.926
854.552 572.926
854.469 570.924
854.317 568.927
853.941 566.953
853.734 564.953
853.647 562.949
853.598 560.948
853.597 558.95
853.589 556.947
853.533 554.946
853.426 552.948
853.155 550.962
852.946 548.974
852.869 546.974
852.79 544.972
852.63 542.974
852.527 540.976
852.44 538.977
852.353 536.979
852.245 534.98
852.155 532.981
852.015 530.984
851.888 528.981
851.828 526.977
851.853 524.971
851.878 522.965
851.901 520.959
851.944 518.954
851.982 516.947
851.941 514.94
851.897 512.932
851.778 510.925
851.74 508.915
851.736 506.904
851.705 504.893
851.589 502.885
851.393 500.885
851.137 498.892
850.916 496.897
850.762 494.898
850.704 492.898
850.696 490.897
850.643 488.897
850.47 486.901
850.37 484.899
850.347 482.893
850.336 480.888
850.326 478.883
850.3 476.879
850.222 474.879
850.082 472.885
849.881 470.898
849.816 468.898
849.812 466.895
849.759 464.895
849.624 462.898
849.535 460.901
849.501 458.899
849.421 456.898
849.153 454.91
848.829 452.931
848.576 450.945
848.394 448.948
848.296 446.945
848.222 444.945
848.133 442.946
848.011 440.953
847.985 438.955
847.872 436.951
847.737 434.959
847.657 432.968
847.59 430.974
847.568 428.977
847.567 426.98
847.569 424.983
847.576 422.987
847.579 420.99
847.579 418.994
847.583 416.997
847.6 415
847.61 412.999
847.611 410.998
847.606 408.998
847.588 406.998
847.58 405.002
847.579 403.006
847.579 401.011
847.579 399.016
847.579 397.021
847.579 395.027
847.579 393.032
847.579 391.038
847.579 389.044
847.579 387.051
847.577 385.058
847.574 383.064
847.584 381.064
847.581 379.068
847.603 377.078
847.703 375.093
847.853 373.103
848.086 371.115
848.256 369.116
848.282 367.107
848.423 365.114
848.658 363.125
848.911 361.136
849.291 359.163
849.459 357.163
849.506 355.158
849.578 353.156
849.801 351.166
850.016 349.177
850.145 347.182
850.261 345.185
850.474 343.196
850.688 341.202
850.95 339.208
851.289 337.216
851.551 335.212
851.751 333.204
851.919 331.196
852.043 329.189
852.116 327.18
852.227 325.171
852.414 323.173
852.603 321.18
852.822 319.192
852.982 317.198
853.121 315.203
853.318 313.209
853.608 311.212
853.776 309.209
853.875 307.197
854.036 305.186
854.437 303.201
854.698 301.204
854.966 299.205
855.221 297.201
855.51 295.201
855.791 293.197
855.955 291.183
856.018 289.166
856.008 287.149
856.244 285.151
856.56 283.157
856.898 281.167
857.452 279.218
857.756 277.223
857.874 275.205
858.036 273.198
858.463 271.228
858.861 269.248
859.204 267.249
859.583 265.255
859.985 263.264
860.358 261.272
860.743 259.279
861.111 257.288
861.417 255.292
861.596 253.277
861.683 251.25
861.796 249.219
862.143 247.211
862.455 245.205
862.817 243.205
863.219 241.213
863.532 239.211
863.746 237.195
863.961 235.179
864.277 233.171
864.623 231.166
864.86 229.153
864.999 227.125
865.271 225.111
865.737 223.126
866.181 221.139
866.619 219.141
867.02 217.135
867.343 215.116
867.785 213.108
868.532 211.182
869.101 209.216
869.372 207.186
869.577 205.144
869.983 203.133
870.991 201.291
871.633 199.315
872.343 197.354
873.183 195.438
873.526 193.403
873.742 191.344
874.052 189.294
874.486 187.251
874.944 185.207
875.379 183.158
875.571 181.079
875.684 178.985
875.889 176.895
876.42 174.851
876.822 172.781
877.16 170.695
877.397 168.6
877.611 166.497
877.771 164.375
877.963 162.25
878.339 160.146
878.543 158.031
878.601 155.902
878.514 153.783
878.058 151.723
877.054 149.865
875.492 148.43
873.676 147.299
871.656 146.616
869.55 146.287
867.446 145.943
865.344 145.598
863.271 145.116
861.204 144.602
859.107 144.258
856.995 143.966
854.889 143.677
852.772 143.515
850.655 143.438
848.544 143.368
846.438 143.209
844.327 143.047
842.215 142.911
840.1 142.87
837.992 142.887
835.881 142.829
833.769 142.851
831.66 142.861
829.544 142.887
827.438 143.085
825.349 143.346
823.287 143.75
821.307 144.551
819.281 145.187
817.202 145.052
815.302 144.039
813.378 143.129
811.564 141.978
809.512 141.383
807.523 140.596
805.649 139.538
803.76 138.538
801.772 137.741
799.778 136.942
798.045 135.613
796.232 134.444
794.218 133.652
792.129 133.034
790.275 131.914
788.433 130.761
786.429 129.936
784.373 129.233
782.569 127.979
780.624 127.021
778.716 125.937
776.684 125.153
774.788 124.065
772.951 122.885
770.979 121.971
768.93 121.227
767.071 120.027
765.132 119.028
763.229 117.916
761.146 117.255
759.218 116.234
757.335 115.116
755.369 114.191
753.333 113.449
751.355 112.524
749.363 111.645
747.278 111.018
745.376 109.901
743.309 109.265
741.234 108.64
739.273 107.705
737.318 106.773
735.293 106.035
733.198 105.518
731.091 105.061
729.148 104.112
727.137 103.395
725.069 102.827
722.938 102.584
720.883 102.067
718.869 101.399
716.818 100.911
714.772 100.386
712.746 99.792
710.757 99.0818
708.748 98.4569
706.715 97.969
704.649 97.6365
702.61 97.1754
700.743 96.1522
698.733 95.6147
696.65 95.4122
694.615 95.0098
692.727 94.0179
690.685 93.6379
688.618 93.4331
686.573 93.122
684.554 92.6447
682.548 92.072
680.553 91.4773
678.547 90.9527
676.524 90.4959
674.514 90.0262
672.506 89.6111
670.521 89.0833
668.509 88.7136
666.473 88.4484
664.465 88.009
662.496 87.4382
660.47 87.1256
658.443 86.8097
656.447 86.3402
654.476 85.7694
652.445 85.5526
650.4 85.4641
648.366 85.2918
646.36 84.9109
644.337 84.7123
642.305 84.6108
640.278 84.4267
638.274 84.0509
636.274 83.6526
634.274 83.2364
632.281 82.8188
630.282 82.4496
628.26 82.2766
626.234 82.1656
624.212 82.0498
622.202 81.8549
620.19 81.765
618.176 81.7038
616.164 81.6136
614.153 81.4732
612.137 81.4407
610.123 81.437
608.107 81.4283
606.086 81.386
604.063 81.3736
602.039 81.3737
600.016 81.3774
597.993 81.3832
595.97 81.384
593.947 81.3872
591.924 81.4072
589.903 81.4348
587.883 81.4384
585.863 81.4512
583.846 81.554
581.839 81.7809
579.827 81.9086
577.813 82.0103
575.797 82.1048
573.777 82.2074
571.752 82.2714
569.728 82.3893
567.712 82.6261
565.707 82.9202
563.69 83.1523
561.672 83.3901
559.657 83.6796
557.651 84.0679
555.632 84.3799
553.613 84.6535
551.617 85.0439
549.617 85.3924
547.595 85.5722
545.561 85.7227
543.543 86.0464
541.539 86.4624
539.517 86.7525
537.481 86.9712
535.454 87.3199
533.431 87.6329
531.411 87.9955
529.413 88.4981
527.427 89.0519
525.397 89.3722
523.337 89.4522
521.281 89.5794
519.269 90.0297
517.268 90.5313
515.239 90.9468
513.212 91.4137
511.191 91.9181
509.161 92.3766
507.134 92.8455
505.124 93.3511
503.172 94.0709
501.224 94.8454
499.245 95.5529
497.268 96.2659
495.287 96.9643
493.236 97.4263
491.207 97.9339
489.293 98.8275
487.296 99.5072
485.257 100.058
483.235 100.649
481.209 101.182
479.182 101.695
477.234 102.519
475.335 103.467
473.471 104.48
471.565 105.402
469.522 105.939
467.47 106.42
465.498 107.155
463.652 108.202
461.765 109.152
459.729 109.697
457.83 110.576
455.961 111.509
454.09 112.436
452.168 113.226
450.116 113.421
448.052 113.273
446.062 112.737
444.204 111.79
442.253 111.08
440.509 109.932
438.581 109.254
436.596 108.709
434.633 108.056
432.673 107.39
430.659 106.97
428.639 106.602
426.62 106.213
424.609 105.83
422.586 105.504
420.537 105.336
418.489 105.082
416.527 104.367
414.53 103.825
412.482 103.566
410.424 103.432
408.367 103.26
406.316 103.007
404.255 102.803
402.189 102.655
400.117 102.551
398.041 102.471
395.966 102.301
393.889 102.111
391.813 101.86
389.735 101.597
387.641 101.491
385.541 101.461
383.438 101.456
381.325 101.457
379.205 101.458
377.079 101.458
374.946 101.458
372.808 101.457
370.66 101.478
368.505 101.592
366.365 101.931
364.218 102.271
362.055 102.584
359.926 103.088
357.796 103.58
355.762 104.387
353.759 105.308
351.699 106.097
349.832 107.237
348.134 108.611
346.432 109.984
344.999 111.683
343.412 113.249
341.605 114.581
340.121 116.229
338.634 117.881
337.437 119.76
336.373 121.742
335.321 123.721
334.13 125.63
333.441 127.73
333.016 129.904
332.368 132.017
331.556 134.072
330.735 136.117
329.941 138.172
329.463 140.298
329.087 142.445
328.512 144.543
328.09 146.661
327.747 148.788
327.423 150.911
326.991 152.99
326.642 155.072
326.414 157.168
326.286 159.271
326.185 161.361
326.114 163.444
325.992 165.515
325.664 167.563
325.474 169.631
325.423 171.704
325.371 173.771
325.229 175.828
325.113 177.882
325.071 179.933
325.075 181.979
325.04 184.023
325.014 186.071
325.008 188.119
325.014 190.166
325.053 192.213
325.096 194.259
325.153 196.302
325.241 198.34
325.476 200.37
325.583 202.419
325.667 204.476
325.835 206.533
326.2 208.573
326.458 210.631
326.731 212.688
327.235 214.691
327.959 216.642
329.01 218.476
329.356 220.511
329.518 222.582
329.847 224.635
330.231 226.685
330.672 228.726
331.291 230.715
332.112 232.642
332.567 234.684
333.136 236.706
333.734 238.724
334.495 240.694
335.154 242.7
335.646 244.756
336.384 246.739
337.091 248.737
337.507 250.799
337.964 252.857
338.844 254.79
339.807 256.683
340.485 258.686
341.195 260.683
341.87 262.696
342.734 264.65
343.446 266.656
344.193 268.661
344.875 270.67
345.509 272.699
346.116 274.739
346.838 276.751
347.848 278.654
348.721 280.618
349.376 282.658
350.144 284.651
351.115 286.571
351.815 288.605
352.84 290.51
353.431 292.571
353.942 294.657
355.003 296.532
356.066 298.399
356.902 300.375
357.554 302.411
358.155 304.464
358.857 306.481
359.746 308.426
360.728 310.315
361.654 312.229
362.407 314.226
363.136 316.231
364.06 318.161
364.984 320.108
365.488 322.19
366.126 324.224
367.258 326.062
368.098 328.041
369.067 329.974
369.498 332.068
369.894 334.174
370.692 336.176
371.482 338.191
372.347 340.182
373.043 342.226
373.597 344.319
374.101 346.426
374.294 348.574
373.661 350.611
372.271 352.273
370.644 353.718
368.929 355.039
367.117 356.308
365.288 357.587
363.212 358.373
361.095 359.06
359.137 360.109
357.493 361.645
356.025 363.344
354.761 365.219
353.936 367.313
353.347 369.489
352.65 371.637
351.577 373.634
350.565 375.654
349.576 377.682
348.916 379.834
348.292 382.003
347.325 384.04
346.096 385.95
345.055 387.96
343.529 389.614
341.906 391.173
340.165 392.574
338.479 394.024
337.175 395.847
335.609 397.448
334.504 399.374
333.578 401.383
332.579 403.336
331.284 405.124
330.047 406.941
329.042 408.821
327.829 410.576
326.631 412.335
325.383 414.049
324.166 415.824
322.936 417.638
321.61 419.408
320.446 421.306
319.387 423.299
318.422 425.357
317.36 427.371
315.934 429.214
315.015 431.332
313.935 433.39
313.079 435.54
311.812 437.488
310.507 439.422
309.199 441.327
307.543 442.953
305.974 444.659
304.666 446.546
303.379 448.464
302.279 450.493
301.505 452.673
300.82 454.864
299.97 457.001
298.967 459.043
298.222 461.168
297.504 463.3
296.675 465.384
295.932 467.491
295.6 469.691
295.534 471.905
295.584 474.123
295.808 476.315
296.648 478.33
297.821 480.148
299.523 481.573
301.179 483.019
302.396 484.86
303.201 486.93
303.142 489.113
302.238 491.171
301.556 493.276
300.939 495.408
299.978 497.408
298.878 499.342
298.09 501.404
297.333 503.474
296.208 505.385
295.191 507.343
294.067 509.262
293.379 511.338
292.953 513.483
292.794 515.667
292.714 517.861
292.67 520.064
292.634 522.267
292.638 524.473
292.758 526.676
293.01 528.868
293.124 531.069
293.186 533.268
293.297 535.464
293.486 537.658
293.857 539.828
295.008 541.734
295.947 543.727
297.24 545.547
298.56 547.327
300.099 548.929
301.548 550.602
303.05 552.197
304.392 553.97
305.719 555.734
307.183 557.401
308.371 559.252
309.264 561.254
309.911 563.341
311.023 565.253
311.549 567.37
312.34 569.379
313.414 571.265
314.185 573.287
314.81 575.361
314.891 577.496
314.496 579.606
314.011 581.691
313.54 583.78
313.086 585.87
312.255 587.877
311.588 589.929
311.024 592.017
310.419 594.063
309.532 595.987
308.426 597.825
307.666 599.814
307.009 601.863
305.65 603.591
304.431 605.384
303.378 607.27
302.559 609.268
301.93 611.333
300.865 613.229
299.715 615.063
298.801 617.004
298 618.981
297.061 620.895
295.651 622.569
294.847 624.569
293.887 626.506
293.562 628.62
293.357 630.746
292.931 632.822
292.326 634.862
291.916 636.948
291.707 639.055
291.346 641.138
290.814 643.181
290.566 645.253
290.643 647.342
290.811 649.43
290.827 651.524
290.689 653.607
290.812 655.669
291.166 657.703
291.362 659.751
291.372 661.804
291.325 663.851
291.489 665.874
291.895 667.878
292.211 669.902
292.136 671.943
291.823 673.961
291.718 675.99
292.033 677.995
292.498 679.977
292.556 682.013
292.328 684.04
292.172 686.059
292.414 688.051
292.934 690.007
293.289 691.987
293.184 693.992
292.92 695.987
293.107 697.98
293.519 699.954
293.913 701.924
294.202 703.901
294.194 705.909
294.143 707.916
294.27 709.919
294.421 711.92
294.486 713.929
294.377 715.934
294.17 717.931
294.09 719.937
294.189 721.941
294.354 723.944
294.493 725.95
294.539 727.96
294.612 729.96
294.753 731.956
294.848 733.952
294.833 735.955
294.854 737.968
295.031 739.969
295.184 741.962
295.233 743.957
295.256 745.976
295.192 747.988
295.01 749.993
294.732 751.994
294.524 753.993
294.321 755.994
294.17 758.003
294.14 760.021
294.148 762.043
294.186 764.065
294.058 766.081
293.672 768.078
293.44 770.097
293.385 772.127
293.535 774.157
293.921 776.175
294.11 778.21
294.094 780.257
294.002 782.308
294.009 784.361
294.126 786.418
294.211 788.481
294.146 790.553
294.146 792.63
294.311 794.708
294.347 796.789
294.06 798.858
293.606 800.922
293.425 803.02
293.407 805.131
293.456 807.25
293.506 809.386
293.495 811.523
293.49 813.656
293.759 815.754
294.609 817.716
295.577 819.629
296.685 821.473
297.871 823.241
299.505 824.579
301.427 825.493
303.409 826.28
305.39 827.07
307.39 827.8
309.436 828.358
311.536 828.658
313.625 828.94
315.694 829.285
317.773 829.612
319.813 830.183
321.856 830.488
323.917 830.654
325.982 830.811
327.885 831.547
329.382 833.021
330.804 834.533
331.868 836.293
332.517 838.242
333.271 840.145
333.978 842.068
334.352 844.069
334.24 846.11
333.798 848.127
333.565 850.159
333.432 852.203
333.107 854.215
332.256 856.095
331.529 858.018
330.976 859.998
330.667 862.023
330.489 864.06
330.453 866.101
330.655 868.122
331.216 870.076
332.043 871.959
332.597 873.925
333.248 875.85
333.882 877.779
334.717 879.658
335.26 881.635
335.495 883.66
335.555 885.707
335.563 887.749
335.523 889.782
335.459 891.805
335.383 893.828
335.287 895.859
335.109 897.886
334.71 899.892
334.258 901.897
333.774 903.895
333.604 905.931
333.565 907.977
333.538 910.024
333.482 912.072
333.429 914.132
333.361 916.197
333.213 918.262
332.842 920.308
332.606 922.374
332.473 924.457
332.357 926.549
332.21 928.641
332.046 930.741
331.716 932.838
331.368 934.941
331.156 937.044
331.065 939.164
331.001 941.295
330.961 943.437
331.008 945.6
331.274 947.75
331.752 949.867
332.305 951.965
332.88 954.067
333.749 956.049
335.207 957.71
336.376 959.577
337.749 961.268
339.461 962.671
341.031 964.24
342.505 965.858
344.01 967.468
345.661 968.962
347.443 970.243
349.269 971.47
351.137 972.657
352.976 973.833
354.944 974.715
356.941 975.536
359.014 976.07
361.101 976.585
363.221 976.873
365.351 977.009
367.48 977.07
369.596 977.101
371.706 977.108
373.81 977.097
375.908 977.047
378.006 976.969
380.097 976.805
382.185 976.661
384.251 976.937
386.223 977.616
387.787 978.997
388.51 980.938
388.461 983.037
388.028 985.086
387.054 986.968
386.001 988.829
385.528 990.905
385.035 992.969
383.91 994.757
382.616 996.459
381.464 998.243
380.598 1000.18
380.383 1002.28
380.748 1004.39
381.392 1006.44
382.319 1008.39
383.506 1010.22
384.594 1012.1
385.276 1014.13
385.474 1016.3
385.085 1018.42
383.806 1020.19
382.186 1021.67
380.57 1023.15
378.585 1024.09
376.682 1025.18
374.58 1025.77
372.489 1026.39
370.499 1027.34
368.615 1028.52
366.689 1029.62
364.567 1030.24
362.345 1030.44
360.168 1030.89
358.007 1031.4
355.84 1031.91
353.791 1032.86
351.634 1033.38
349.427 1033.64
347.221 1033.89
345.061 1034.42
342.995 1035.33
340.907 1036.23
338.855 1037.22
337.031 1038.57
335.269 1040.04
333.665 1041.71
332.16 1043.49
330.41 1045.05
328.864 1046.77
327.8 1048.8
327.708 1051.06
328.491 1053.24
329.629 1055.27
331.157 1057.04
332.717 1058.74
334.276 1060.45
336.06 1061.93
336.874 1062.77
337.688 1063.6
339.323 1065.29
341.215 1066.63
343.08 1068.04
344.58 1069.78
345.95 1071.63
347.376 1073.47
349.177 1074.9
351.142 1076.15
353.023 1077.45
354.715 1078.95
356.447 1080.41
358.213 1081.81
359.929 1083.31
361.72 1084.76
363.605 1086.03
365.325 1087.54
367.056 1089.06
368.998 1090.22
370.871 1091.47
372.791 1092.66
374.758 1093.76
376.338 1095.39
378.097 1096.8
380.117 1097.77
382.22 1098.54
384.219 1099.59
386.251 1100.56
388.397 1101.18
390.613 1101.5

