CONTOUR

1

1594

804.895 1075.2
807.024 1075.12
809.097 1074.71
811.116 1074.13
812.821 1072.97
813.975 1071.17
815.389 1069.58
817.186 1068.44
819.232 1067.81
821.364 1067.77
823.461 1068.16
825.51 1068.79
827.574 1069.36
829.688 1069.72
831.759 1070.28
833.861 1070.75
835.998 1070.95
838.14 1070.68
840.259 1070.21
842.358 1069.63
844.445 1069.01
846.363 1067.95
848.272 1066.86
850.093 1065.64
851.486 1063.95
852.477 1062.01
852.843 1059.86
853.009 1057.69
853.243 1055.52
853.467 1053.34
853.657 1051.17
854.177 1049.07
855.43 1047.28
857.158 1045.9
859.287 1045.51
861.405 1045.93
863.342 1047.06
865.454 1047.66
867.628 1047.96
869.822 1048.18
872 1047.82
874.038 1047.02
875.732 1045.58
877.287 1043.96
878.569 1042.13
879.84 1040.28
881.022 1038.38
881.761 1036.29
882.578 1034.22
883.476 1032.18
884.573 1030.23
885.551 1028.22
886.583 1026.24
887.4 1024.16
888.106 1022.04
889.107 1020.04
889.65 1017.89
890.295 1015.76
891.341 1013.79
892.345 1011.81
893.018 1009.71
893.61 1007.59
894.341 1005.51
894.877 1003.37
895.388 1001.22
895.971 999.08
897.026 997.082
897.498 994.923
897.864 992.736
898.484 990.593
898.994 988.422
899.701 986.286
900.259 984.121
900.483 981.903
900.281 979.691
899.494 977.612
898.28 975.748
896.675 974.225
894.602 973.476
892.398 973.12
890.221 972.602
888.089 971.901
886.091 970.908
884.126 969.851
882.035 969.068
880.105 967.934
877.988 967.22
876.038 966.133
873.902 965.612
871.733 965.302
869.596 964.853
867.534 964.136
865.552 963.167
863.455 962.574
861.306 962.205
859.168 961.794
857.094 961.177
855.208 959.985
853.153 959.157
851.261 957.986
849.152 957.256
847.448 955.897
846.351 953.983
845.827 951.825
845.498 949.636
844.806 947.566
843.477 945.826
841.863 944.299
840.382 942.705
838.883 941.107
837.487 939.386
836.131 937.634
834.858 935.835
833.941 933.853
833.379 931.757
832.547 929.761
831.488 927.862
830.421 925.975
829.46 924.066
828.349 922.241
827.051 920.544
825.931 918.747
825.336 916.713
825.141 914.575
825.273 912.419
825.99 910.441
827.625 909.133
829.597 908.283
831.527 907.313
833.347 906.114
835.315 905.266
837.433 904.917
839.599 904.811
841.758 904.645
843.833 904.075
845.672 902.936
847.52 901.761
849.6 901.137
851.719 900.563
853.555 899.401
855.076 897.82
855.993 895.797
857.143 893.916
858.153 891.966
859.599 890.371
861.463 889.209
863.236 887.893
865.258 887.08
867.242 886.185
869.304 885.513
871.343 884.784
873.282 883.786
875.281 882.915
877.418 882.609
879.552 882.983
881.367 884.242
882.874 885.858
884.34 887.528
885.785 889.199
887.497 890.585
889.454 891.532
891.615 891.868
893.802 891.977
895.991 891.832
898.156 891.385
900.279 890.783
902.404 890.275
904.388 889.373
906.364 888.431
908.281 887.382
909.809 885.794
911.4 884.284
913.044 882.811
914.491 881.194
915.819 879.442
916.968 877.569
917.88 875.575
918.862 873.581
919.435 871.443
919.458 869.211
919.074 866.999
918.305 864.884
917.438 862.794
916.58 860.686
915.574 858.627
914.449 856.62
913.373 854.598
912.058 852.711
911.018 850.665
909.871 848.682
908.945 846.602
907.836 844.606
906.574 842.704
905.347 840.803
903.9 839.043
902.894 837.032
902.097 834.93
900.92 833.033
899.568 831.219
898.606 829.177
897.722 827.114
896.682 825.146
895.419 823.286
894.15 821.431
893.271 819.378
892.179 817.432
891.013 815.533
890.183 813.476
889.407 811.423
888.495 809.428
887.69 807.399
887.13 805.278
886.125 803.31
885.472 801.225
884.782 799.155
884.22 797.052
883.507 795
882.598 793.023
881.735 791.028
881.063 788.966
880.689 786.835
880.701 784.675
881.453 782.642
882.783 780.963
884.609 779.8
886.491 778.744
888.448 777.846
890.542 777.312
892.516 776.459
894.258 775.192
895.904 773.757
897.87 772.785
899.557 771.449
900.778 769.697
901.486 767.682
901.79 765.553
901.996 763.401
902.528 761.298
903.046 759.195
903.159 757.057
902.797 754.952
902.243 752.882
901.755 750.801
901.596 748.679
901.571 746.563
901.461 744.451
901.033 742.378
900.397 740.341
900.09 738.25
900.164 736.127
899.902 734.067
899.082 732.139
898.349 730.186
897.918 728.163
897.719 726.095
897.672 724.024
897.569 721.966
897.302 719.93
896.863 717.915
896.452 715.896
896.126 713.863
895.765 711.843
895.445 709.81
895.107 707.79
894.548 705.838
894.035 703.882
893.672 701.893
893.498 699.881
893.333 697.863
893.215 695.834
893.158 693.816
893.116 691.803
892.88 689.804
892.35 687.855
891.627 685.942
891.351 683.934
891.325 681.904
891.38 679.875
891.457 677.839
891.475 675.799
891.353 673.765
891.009 671.756
890.569 669.776
890.116 667.794
889.797 665.789
889.668 663.776
889.631 661.765
889.564 659.753
889.314 657.755
888.803 655.785
888.344 653.81
888.017 651.809
887.812 649.797
887.692 647.778
887.619 645.753
887.581 643.725
887.538 641.699
887.432 639.676
887.247 637.652
887.151 635.618
887.14 633.579
887.089 631.537
886.818 629.501
886.471 627.457
886.28 625.391
885.975 623.338
885.748 621.264
885.608 619.17
885.442 617.065
885.249 614.952
885.15 612.834
885.023 610.71
884.76 608.576
884.434 606.434
884.25 604.262
883.793 602.128
882.994 600.077
882.237 598.016
881.952 595.827
881.822 593.619
881.495 591.436
880.78 589.353
879.586 587.452
878.356 585.57
877.267 583.598
876.044 581.706
874.517 580.054
872.934 578.446
871.146 577.029
869.601 575.336
868.275 573.421
866.663 571.767
865.138 570.04
863.485 568.423
861.757 566.925
860.223 565.192
858.58 563.551
857.142 561.752
855.507 560.131
853.959 558.449
853.164 556.341
852.349 554.241
851.17 552.338
849.919 550.474
849.392 548.331
849.278 546.112
849.452 543.885
849.827 541.69
850.176 539.511
850.51 537.345
850.842 535.184
850.971 533.007
850.966 530.831
850.96 528.659
850.845 526.497
850.561 524.356
849.846 522.318
848.895 520.392
847.521 518.726
846.165 517.043
845.147 515.133
843.949 513.323
842.794 511.485
841.707 509.593
841.049 507.539
840.738 505.399
840.533 503.241
840.339 501.073
840.159 498.911
840.285 496.758
840.614 494.623
840.84 492.479
840.953 490.32
840.97 488.156
840.925 485.982
840.864 483.802
840.845 481.616
840.924 479.422
840.642 477.242
839.82 475.176
838.874 473.155
837.992 471.111
837.222 468.999
836.042 467.079
834.767 465.225
833.736 463.217
832.77 461.157
831.425 459.305
829.919 457.576
828.622 455.685
827.055 454.007
825.724 452.193
824.735 450.169
823.88 448.08
823.1 445.962
821.575 444.25
820.386 442.337
819.014 440.536
817.541 438.805
816.381 436.845
815.251 434.858
813.787 433.084
812.662 431.089
811.679 429.002
811.154 427.966
810.63 426.931
809.823 424.769
809.017 422.6
808.256 420.422
807.637 418.2
806.986 415.994
805.84 413.971
804.909 411.868
803.747 409.88
802.44 407.962
801.072 406.126
799.498 404.455
798.049 402.665
797.082 400.606
796.426 398.412
796.172 396.129
795.857 393.858
795.381 391.619
794.609 389.456
793.932 387.274
793.169 385.14
791.907 383.209
790.756 381.202
789.397 379.339
787.894 377.58
786.541 375.706
785.008 374.011
783.202 372.578
781.626 370.895
780.139 369.131
778.613 367.391
777.139 365.631
775.435 364.052
773.938 362.298
772.485 360.535
770.779 358.98
769.493 357.028
768.073 355.204
766.559 353.474
764.941 351.865
762.968 350.658
761.296 349.075
759.407 347.788
757.44 346.612
755.369 345.635
753.254 344.782
751.31 343.523
749.305 342.387
747.268 341.33
745.354 340.046
743.467 338.703
741.645 337.303
740.233 335.475
738.757 333.67
737.256 331.94
735.533 330.4
733.694 329.047
731.908 327.595
730.033 326.273
727.986 325.308
725.92 324.425
723.994 323.285
722.116 322.051
719.969 321.439
717.831 320.801
716.258 319.288
715.507 317.244
715.44 315.053
715.53 312.867
715.885 310.727
716.503 308.65
717.21 306.597
717.687 304.491
718.029 302.354
718.871 300.342
719.378 298.247
719.654 296.119
720.156 294.039
720.759 291.98
721.328 289.918
721.901 287.845
722.875 285.942
724.01 284.126
724.81 282.169
725.408 280.138
725.923 278.084
726.714 276.102
727.417 274.082
727.934 272.009
728.926 270.116
729.595 268.109
730.327 266.105
731.159 264.136
732.103 262.222
732.791 260.213
733.33 258.16
733.915 256.116
735.234 254.396
736.214 252.52
737.2 250.629
737.799 248.581
738.604 246.606
739.577 244.7
740.492 242.79
741.274 240.825
741.998 238.84
742.563 236.794
743.221 234.768
743.99 232.792
744.934 230.889
745.614 228.884
746.222 226.853
746.717 224.792
747.467 222.821
748.5 220.959
749.354 219.04
749.802 216.991
750.355 214.955
750.921 212.925
751.471 210.887
751.85 208.824
752.344 206.792
752.68 204.733
752.888 202.653
753.255 200.602
753.813 198.594
754.286 196.578
754.669 194.537
754.872 192.478
754.818 190.412
754.84 188.353
754.899 186.292
754.953 184.228
754.944 182.16
754.937 180.093
754.928 178.026
754.874 175.96
754.775 173.89
754.706 171.822
754.623 169.759
754.508 167.697
754.312 165.629
754.13 163.561
753.916 161.503
753.501 159.48
752.986 157.466
752.778 155.405
752.659 153.327
752.316 151.276
751.761 149.239
751.33 147.174
750.828 145.114
750.434 143.036
749.958 140.963
749.827 138.832
749.587 136.714
749.1 134.633
748.683 132.526
748.2 130.423
747.491 128.37
746.668 126.353
746.065 124.267
745.403 122.187
744.545 120.158
743.473 118.222
742.423 116.283
741.522 114.26
740.619 112.223
739.577 110.238
738.701 108.193
737.379 106.375
736.007 104.601
734.602 102.853
733.16 101.115
731.504 99.5396
729.694 98.1307
727.835 96.8318
726.139 95.3124
724.449 93.8013
722.336 93.0256
720.204 92.3331
718.227 91.2608
716.195 90.3562
714.063 89.7797
711.885 89.386
709.765 88.7839
707.622 88.2996
705.474 87.8768
703.297 87.7073
701.119 87.7026
698.942 87.7458
696.768 87.7282
694.603 87.5377
692.446 87.4924
690.312 87.6581
688.226 88.131
686.217 88.9059
684.118 89.2387
681.996 89.3681
679.888 89.5526
677.801 89.8717
675.705 90.0601
673.612 90.2651
671.525 90.5171
669.465 90.9456
667.513 91.7512
665.543 92.4776
663.525 93.0247
661.476 93.3703
659.396 93.5271
657.378 93.9561
655.549 95.0489
653.523 95.447
651.459 95.6372
649.428 96.021
647.464 96.6995
645.487 97.3354
643.491 97.8645
641.635 98.7945
639.74 99.6416
637.781 100.251
635.796 100.745
633.858 101.404
631.92 102.101
630 102.824
627.999 103.251
625.98 103.626
624.015 104.201
622.052 104.781
620.07 105.256
618.045 105.485
616.005 105.557
613.97 105.511
611.942 105.383
609.931 105.142
607.975 104.569
606.033 103.969
604.016 103.687
601.991 103.482
599.981 103.128
598.129 102.227
596.178 101.672
594.154 101.446
592.146 101.155
590.199 100.578
588.248 99.9996
586.337 99.2634
584.362 98.7545
582.345 98.503
580.333 98.2194
578.325 97.8788
576.329 97.5019
574.37 96.9348
572.38 96.5068
570.366 96.163
568.371 95.719
566.377 95.3531
564.356 95.0997
562.343 94.7775
560.366 94.28
558.408 93.7112
556.386 93.5461
554.352 93.4997
552.319 93.4173
550.298 93.2218
548.277 93.1106
546.253 93.0302
544.236 92.8691
542.217 92.7016
540.192 92.6532
538.167 92.6523
536.143 92.6565
534.12 92.6583
532.097 92.6585
530.075 92.6583
528.054 92.6582
526.034 92.6581
524.015 92.6582
521.996 92.6555
519.977 92.6435
517.96 92.6286
515.942 92.6683
513.933 92.7981
511.934 93.0273
509.937 93.3273
507.924 93.4277
505.911 93.4477
503.902 93.467
501.89 93.5071
499.875 93.5193
497.858 93.5719
495.846 93.7455
493.855 94.0636
491.854 94.301
489.845 94.4606
487.826 94.5066
485.805 94.5177
483.786 94.6364
481.779 94.8937
479.775 95.0826
477.749 95.2447
475.735 95.4221
473.718 95.4965
471.687 95.5437
469.653 95.6228
467.622 95.698
465.598 95.8451
463.576 96.0668
461.627 96.6724
459.647 97.1277
457.626 97.2807
455.605 97.4365
453.583 97.6174
451.558 97.7099
449.534 97.809
447.522 98.0631
445.511 98.3992
443.482 98.6286
441.451 98.8612
439.442 99.2372
437.466 99.7733
435.498 100.376
433.51 100.896
431.498 101.278
429.444 101.441
427.383 101.472
425.33 101.598
423.315 102.029
421.333 102.657
419.338 103.218
417.334 103.76
415.351 104.415
413.368 105.064
411.3 105.334
409.234 105.606
407.199 106.077
405.169 106.571
403.164 107.174
401.213 107.957
399.283 108.82
397.242 109.334
395.143 109.53
393.063 109.844
391.094 110.653
389.077 111.286
387.029 111.875
385.185 113.011
383.152 113.565
381.057 113.941
379.015 114.548
377.035 115.356
375.078 116.239
373.079 117.073
371.04 117.744
369.122 118.722
367.123 119.526
365.077 120.24
363.084 121.12
360.986 121.696
358.945 122.458
356.969 123.375
355.02 124.387
352.998 125.2
350.932 125.957
349.121 127.248
347.235 128.418
345.311 129.52
343.271 130.407
341.18 131.195
339.177 132.215
337.116 133.069
334.977 133.723
332.945 134.697
330.923 135.703
329.062 136.999
327.052 138.001
324.938 138.86
322.95 140.016
320.908 141.026
318.777 141.856
316.787 143.046
314.634 143.869
312.655 145.082
310.529 145.957
308.497 147.011
306.579 148.314
304.598 149.496
302.746 150.908
300.67 151.9
298.661 153.045
296.537 153.91
294.715 155.292
293.019 156.874
291.068 158.064
289.286 159.484
287.439 160.837
285.396 161.862
283.534 163.162
281.781 164.617
279.817 165.774
278.098 167.225
276.459 168.744
274.748 170.165
273.209 171.789
271.41 173.103
269.551 174.345
267.914 175.869
266.119 177.237
264.44 178.697
262.862 180.27
260.995 181.547
259.429 183.189
257.671 184.543
255.735 185.629
253.602 186.217
251.386 186.259
249.196 185.95
247.042 185.483
244.851 185.22
242.634 185.173
240.417 185.163
238.201 185.14
235.988 185.156
233.785 185.238
231.584 185.305
229.39 185.404
227.197 185.6
225.015 185.911
222.834 186.259
220.658 186.658
218.575 187.413
216.555 188.353
214.489 189.178
212.296 189.53
210.102 189.885
208.081 190.822
206.104 191.854
204.28 193.127
202.267 194.126
200.776 195.759
199.598 197.615
199.208 199.791
199.074 202.014
198.989 204.236
198.94 206.456
198.921 208.676
199.258 210.846
199.966 212.932
201.036 214.913
201.375 217.104
201.93 219.213
203.169 221.048
204.296 222.932
205.105 224.968
205.476 227.113
205.958 229.22
207.035 231.158
207.626 233.253
208.489 235.244
209.207 237.28
209.63 239.385
210.143 241.45
210.804 243.47
211.812 245.369
212.704 247.316
213.285 249.366
213.53 251.482
214.014 253.528
215.147 255.372
215.84 257.392
216.798 259.306
217.407 261.34
217.887 263.404
218.428 265.442
219.04 267.457
219.841 269.412
220.651 271.364
221.292 273.376
221.549 275.465
221.835 277.548
222.61 279.518
223.317 281.501
223.752 283.566
224.622 285.498
225.307 287.48
225.855 289.503
226.579 291.473
227.202 293.471
227.609 295.524
228.183 297.539
228.725 299.559
229.242 301.583
229.851 303.582
230.604 305.539
231.257 307.535
231.975 309.51
232.596 311.509
233.217 313.517
233.654 315.558
234.166 317.586
234.706 319.624
235.297 321.637
236.116 323.574
236.856 325.537
237.48 327.537
238.123 329.538
238.711 331.552
239.209 333.577
239.734 335.613
240.588 337.543
241.207 339.538
241.501 341.615
241.83 343.688
242.358 345.707
243.155 347.645
244.188 349.489
245.022 351.411
245.47 353.449
245.792 355.514
246.478 357.495
247.237 359.457
247.6 361.52
248.243 363.504
249.155 365.406
249.634 367.419
250.034 369.461
250.532 371.481
251.273 373.437
252.108 375.365
252.605 377.375
253.108 379.382
253.625 381.388
254.277 383.353
254.859 385.346
255.315 387.368
255.747 389.394
256.386 391.367
257.085 393.314
257.349 395.358
257.547 397.41
257.859 399.446
258.341 401.446
258.999 403.398
259.963 405.241
260.71 407.164
261.245 409.147
261.408 411.192
261.518 413.236
261.858 415.241
262.471 417.193
262.875 419.189
263.184 421.217
263.61 423.218
264.055 425.205
264.383 427.223
264.686 429.239
265.165 431.215
265.633 433.192
266.001 435.182
266.355 437.177
266.679 439.179
267.003 441.185
267.424 443.177
267.896 445.159
268.363 447.135
268.819 449.116
269.036 451.129
269.097 453.153
269.242 455.166
269.426 457.183
269.509 459.203
269.574 461.221
269.805 463.224
270.299 465.191
270.679 467.176
270.937 469.176
271.019 471.194
271.093 473.214
271.19 475.233
271.35 477.25
271.545 479.267
271.778 481.283
272.31 483.24
272.983 485.162
273.236 487.166
273.305 489.189
273.358 491.206
273.44 493.215
273.581 495.212
273.794 497.214
273.907 499.223
274.002 501.234
274.193 503.237
274.406 505.235
274.52 507.244
274.609 509.256
274.761 511.262
275.094 513.255
275.66 515.205
276.195 517.16
276.556 519.145
276.876 521.137
277.034 523.145
277.143 525.158
277.306 527.164
277.499 529.172
277.587 531.185
277.677 533.196
277.925 535.192
278.4 537.152
278.64 539.146
278.763 541.152
278.875 543.158
278.984 545.173
279.166 547.181
279.349 549.181
279.421 551.185
279.426 553.207
279.497 555.217
279.668 557.216
279.986 559.213
280.238 561.211
280.365 563.213
280.522 565.214
280.761 567.213
281.096 569.211
281.228 571.226
281.343 573.233
281.543 575.229
281.798 577.22
281.895 579.224
282.007 581.228
282.183 583.227
282.359 585.224
282.445 587.227
282.539 589.234
282.702 591.235
282.996 593.223
283.422 595.195
283.865 597.164
284.211 599.148
284.463 601.147
284.594 603.159
284.73 605.169
285.037 607.157
285.358 609.15
285.437 611.166
285.47 613.179
285.639 615.179
286.031 617.167
286.19 619.179
286.267 621.194
286.532 623.186
287.041 625.134
287.254 627.125
287.361 629.124
287.475 631.123
287.598 633.122
287.65 635.126
287.69 637.136
287.84 639.144
288.078 641.148
288.208 643.16
288.29 645.168
288.454 647.169
288.824 649.154
289.065 651.156
289.147 653.169
289.165 655.182
289.2 657.189
289.25 659.192
289.297 661.19
289.408 663.182
289.583 665.179
289.648 667.183
289.674 669.185
289.72 671.185
289.812 673.198
289.9 675.215
289.972 677.232
290.168 679.246
290.346 681.266
290.404 683.293
290.42 685.321
290.471 687.349
290.543 689.387
290.621 691.43
290.738 693.474
290.914 695.52
291.122 697.575
291.345 699.635
291.638 701.692
292.093 703.73
292.373 705.811
292.516 707.909
292.645 710.014
292.848 712.117
293.008 714.236
293.103 716.364
293.301 718.494
293.772 720.593
294.236 722.703
294.681 724.827
295.218 726.937
295.771 729.05
296.686 731.042
297.466 733.099
298.342 735.12
299.576 736.973
300.629 738.907
301.49 740.942
302.374 742.97
303.639 744.788
304.983 746.532
306.074 748.437
307.634 750.019
308.963 751.784
310.06 753.72
311.391 755.509
312.781 757.26
314.326 758.83
315.914 760.374
317.11 762.236
318.421 763.997
319.885 765.626
321.284 767.326
322.204 769.284
322.655 771.387
322.656 773.549
322.437 775.69
322.259 777.824
322.136 779.959
321.959 782.085
321.601 784.186
321.403 786.302
321.305 788.426
321.091 790.54
320.591 792.612
320.322 794.713
320.186 796.831
319.923 798.944
319.476 801.023
319.283 803.143
319.049 805.252
318.534 807.326
317.884 809.373
317.642 811.503
317.476 813.646
317.16 815.778
316.833 817.905
316.661 820.059
316.459 822.22
316.08 824.367
315.769 826.53
315.594 828.716
315.646 830.911
316.132 833.057
316.835 835.139
317.999 836.979
319.77 838.374
321.331 839.99
322.918 841.58
324.518 843.154
325.836 845.015
327.627 846.366
329.416 847.747
331.226 849.086
333.409 849.528
335.662 849.626
337.92 849.605
340.172 849.561
342.419 849.524
344.668 849.497
346.916 849.457
349.14 849.213
351.208 848.312
353.308 847.541
355.515 847.276
357.736 847.12
359.948 846.857
362.163 846.506
364.383 846.219
366.521 845.607
368.429 844.451
370.202 843.083
371.878 841.608
373.153 839.759
374.443 837.947
376.28 836.774
378.463 836.367
380.664 836.645
382.594 837.686
384.01 839.457
385.551 841.127
387.196 842.656
388.878 844.162
390.497 845.695
391.938 847.433
393.437 849.1
394.868 850.798
396.229 852.547
397.637 854.224
399.068 855.875
400.113 857.796
401.392 859.515
402.782 861.154
404.382 862.591
405.716 864.263
407.211 865.8
408.676 867.382
410.015 869.106
411.774 870.439
413.385 871.95
414.993 873.491
416.738 874.912
418.335 876.514
420.073 877.96
421.572 879.698
423.217 881.288
425.046 882.666
426.663 884.25
428.307 885.802
429.725 887.596
431.584 888.876
433.677 889.777
435.619 890.937
437.469 892.245
439.483 893.242
441.651 893.87
443.637 894.899
445.433 896.255
447.044 897.8
448.145 899.739
449.094 901.737
449.553 903.864
449.767 906.062
449.835 908.283
449.82 910.505
449.703 912.701
449.491 914.876
449.168 917.029
448.407 919.074
447.675 921.118
447.324 923.248
447.173 925.405
447.081 927.565
447.055 929.723
447.117 931.877
447.349 934.013
447.96 936.076
448.856 938.045
449.595 940.074
450.758 941.879
452.113 943.572
453.498 945.241
455.03 946.774
456.126 948.625
457.306 950.439
458.106 952.424
458.412 954.541
458.536 956.679
458.561 958.824
458.396 960.957
458.056 963.074
457.768 965.202
457.708 967.336
457.858 969.464
458.268 971.547
459.086 973.518
460.257 975.356
461.178 977.308
461.426 979.45
461.493 981.62
461.731 983.773
462.087 985.923
462.326 988.093
462.456 990.277
462.5 992.469
462.504 994.664
462.592 996.86
462.914 999.038
463.639 1001.09
464.95 1002.84
466.251 1004.6
468.026 1005.88
469.787 1007.18
471.89 1007.8
474.057 1008.22
476.2 1008.78
478.333 1009.41
480.499 1009.92
482.717 1010.06
484.943 1010.04
487.168 1009.87
489.382 1009.65
491.609 1009.52
493.825 1009.27
495.941 1008.55
498.026 1007.71
500.165 1007.02
502.107 1005.85
504.189 1005.02
506.238 1004.08
508.064 1002.73
509.77 1001.25
511.316 999.57
511.821 997.404
511.371 995.2
510.084 993.319
508.888 991.412
507.726 989.482
506.843 987.448
506.594 985.245
506.412 983.034
506.223 980.833
505.997 978.655
505.763 976.498
505.532 974.347
505.821 972.219
506.385 970.141
506.732 968.036
506.921 965.922
506.736 963.809
506.396 961.722
505.795 959.689
504.935 957.72
504.334 955.683
503.926 953.61
503.719 951.518
503.676 949.425
503.92 947.34
504.637 945.366
505.663 943.53
506.833 941.776
508.128 940.122
509.017 938.245
509.714 936.279
510.386 934.3
510.696 932.243
510.93 930.163
511.31 928.111
511.603 926.046
511.648 923.959
511.467 921.873
510.987 919.832
510.12 917.92
509.444 915.962
508.526 914.123
507.446 912.359
506.594 910.5
506.034 908.542
505.469 906.583
504.7 904.68
503.962 902.773
503.991 900.78
504.462 898.814
504.944 896.849
505.564 894.92
506.135 892.976
507.085 891.212
508.712 890.084
510.621 889.489
512.54 888.931
514.476 888.489
516.447 888.271
518.41 888
520.258 887.341
522.044 886.478
523.878 885.798
525.802 885.539
527.75 885.438
529.69 885.279
531.544 884.742
533.244 883.764
535.014 882.98
536.934 882.873
538.815 883.362
540.556 884.251
542.068 885.487
543.258 887.028
543.755 888.885
543.657 890.826
543.569 892.759
543.551 894.701
543.569 896.649
543.599 898.604
543.627 900.567
543.661 902.538
543.714 904.522
543.889 906.506
544.487 908.42
545.029 910.357
545.161 912.355
545.174 914.358
545.212 916.364
545.175 918.368
544.871 920.359
544.598 922.362
544.555 924.379
544.889 926.375
545.476 928.338
545.789 930.356
545.894 932.395
545.868 934.444
545.715 936.493
545.571 938.547
545.475 940.612
545.408 942.69
545.326 944.768
545.277 946.857
545.224 948.961
545.154 951.079
545.07 953.2
545.047 955.338
545.086 957.482
545.186 959.628
545.303 961.769
545.426 963.929
545.542 966.107
545.716 968.296
546.633 970.275
548.056 972.009
549.295 973.845
550.139 975.922
551.284 977.865
552.588 979.717
553.748 981.66
554.943 983.593
556.011 985.597
556.992 987.639
558.178 989.572
559.559 991.404
561.033 993.166
562.338 995.035
563.907 996.704
565.741 998.075
567.439 999.638
569.194 1001.13
571.063 1002.43
573.002 1003.65
575.05 1004.71
577.078 1005.75
578.974 1007.01
581.023 1007.98
583.146 1008.77
585.249 1009.54
587.328 1010.37
589.391 1011.25
591.449 1012.14
593.591 1012.72
595.799 1012.85
598.002 1012.67
600.127 1012.03
602.196 1011.19
604.268 1010.37
606.37 1009.67
608.503 1009.07
610.347 1007.86
612.149 1006.56
613.855 1005.16
615.616 1003.8
617.572 1002.76
619.629 1002
621.726 1001.37
623.791 1000.64
625.894 1000.03
628.042 999.566
629.988 998.552
631.955 997.603
633.995 996.885
635.975 995.999
637.825 994.825
639.858 994.048
642.028 993.779
644.215 993.961
646.194 994.862
647.672 996.504
649.082 998.19
650.39 999.954
652.137 1001.22
654.242 1001.77
656.416 1002.12
658.613 1002.18
660.797 1002
662.956 1001.63
665.006 1000.84
667.097 1000.2
669.192 999.567
671.227 998.729
673.263 997.953
675.357 997.457
677.464 996.959
679.552 996.338
681.629 995.731
683.636 994.906
685.655 994.135
687.682 993.407
689.725 992.677
691.749 991.934
693.634 990.893
695.473 989.755
697.51 989.054
699.492 988.249
701.337 987.129
703.235 986.144
705.251 985.469
707.262 984.813
709.089 983.719
710.981 982.78
712.9 981.913
714.893 981.325
716.815 980.531
718.648 979.52
720.559 978.751
722.596 978.389
724.604 977.9
726.607 977.376
728.575 976.732
730.6 976.365
732.67 976.379
734.656 976.921
736.411 977.998
737.712 979.582
738.538 981.486
739.373 983.394
740.098 985.345
740.467 987.386
740.766 989.437
741.252 991.454
741.861 993.451
742.292 995.488
742.645 997.542
743.055 999.579
743.372 1001.63
743.781 1003.66
744.558 1005.59
745.7 1007.32
747.383 1008.53
749.31 1009.31
751.363 1009.7
753.412 1010.13
755.444 1010.64
757.453 1011.27
759.399 1012.1
761.141 1013.29
762.159 1015.13
762.837 1017.12
763.276 1019.17
763.527 1021.25
763.486 1023.34
763.465 1025.43
763.883 1027.48
764.474 1029.51
765.012 1031.55
765.183 1033.63
764.828 1035.71
764.108 1037.71
763.111 1039.61
762.223 1041.57
761.619 1043.61
761.285 1045.72
760.766 1047.81
760.253 1049.9
759.75 1052
759.527 1054.14
759.597 1056.3
760.096 1058.39
761.206 1060.26
762.479 1062
764.017 1063.55
765.622 1065.02
767.607 1065.9
769.565 1066.86
771.439 1067.97
773.411 1068.84
775.456 1069.49
777.499 1070.15
779.448 1071.13
781.549 1071.58
783.672 1071.95
785.774 1072.46
787.918 1072.77
790.028 1073.23
792.095 1073.87
794.198 1074.28
796.337 1074.5
798.479 1074.66
800.627 1074.77
802.763 1074.97

