CONTOUR

3

1753

667.966 1008.11
670.139 1008.3
672.319 1008.41
674.489 1008.32
676.644 1008.03
678.795 1007.75
680.927 1007.41
682.999 1006.76
685.021 1005.95
687.125 1005.49
689.139 1004.79
690.992 1003.75
692.504 1002.24
693.625 1000.43
694.637 998.543
695.199 996.493
695.393 994.368
695.426 992.227
695.419 990.099
695.434 987.971
695.469 985.838
695.479 983.702
695.412 981.566
695.202 979.452
694.848 977.363
694.75 975.258
694.97 973.168
695.39 971.119
695.95 969.116
696.479 967.086
696.848 965.017
696.904 962.917
696.606 960.848
695.734 958.943
694.787 957.059
693.832 955.174
693.534 953.114
693.499 951.018
693.467 948.926
693.515 946.838
693.888 944.796
694.996 942.981
695.919 941.072
697.241 939.381
698.303 937.531
699.276 935.629
700.006 933.627
700.463 931.559
700.656 929.457
700.717 927.344
700.677 925.237
700.313 923.176
699.428 921.265
698.413 919.413
697.667 917.463
697.278 915.407
696.58 913.442
695.649 911.553
695.14 909.532
694.657 907.504
694.331 905.441
694.238 903.357
694.503 901.307
695.016 899.306
695.241 897.258
695.394 895.184
695.759 893.144
696.951 891.459
698.717 890.341
700.761 889.832
702.864 889.551
704.844 888.835
706.51 887.467
708.279 886.216
710.21 885.179
711.881 883.736
713.364 882.035
715.002 880.519
716.853 879.21
718.367 877.542
719.965 875.939
721.734 874.462
723.312 872.803
724.733 870.972
725.703 868.846
726.818 866.783
728.27 864.951
729.931 863.257
731.782 861.742
733.669 860.254
735.078 858.325
736.008 856.108
737.153 854.021
737.967 851.813
738.959 849.691
740.381 847.795
741.78 845.95
743.248 844.168
744.538 842.273
745.57 840.231
746.718 838.301
748.18 836.6
749.646 834.908
751.156 833.264
752.183 831.298
753.423 829.481
754.526 827.584
755.77 825.801
757.155 824.149
758.634 822.621
760.436 821.544
762.531 821.47
764.438 822.321
765.85 823.885
767.176 825.552
768.364 827.289
769.263 829.175
769.649 831.23
770.047 833.278
770.707 835.258
771.508 837.198
772.149 839.189
772.561 841.26
772.93 843.319
773.194 845.378
773.493 847.444
774.146 849.417
775.184 851.265
775.848 853.267
776.71 855.189
777.252 857.202
777.673 859.229
778.418 861.165
779.217 863.101
779.765 865.098
780.332 867.088
780.85 869.094
781.351 871.103
781.958 873.095
782.301 875.139
782.555 877.202
782.718 879.28
782.836 881.372
782.931 883.469
783.01 885.571
782.899 887.678
782.764 889.802
782.648 891.937
782.658 894.087
782.872 896.241
783.093 898.41
783.226 900.599
783.307 902.801
783.313 905.019
783.572 907.202
784.188 909.328
785.065 911.397
785.404 913.616
785.66 915.851
786.199 918.038
787.137 920.113
788.528 921.972
789.84 923.899
791.524 925.528
793.169 927.194
794.536 929.096
796.257 930.632
797.969 932.194
799.872 933.558
801.722 935.031
803.705 936.297
805.773 937.431
807.72 938.808
809.701 940.126
811.619 941.536
813.552 942.926
815.683 944.002
817.723 945.267
819.918 946.149
822.155 946.886
824.243 948.014
826.299 949.206
828.468 950.112
830.57 951.192
832.834 951.427
834.95 950.58
836.622 949.033
837.44 946.916
837.522 944.64
837.153 942.392
836.584 940.195
835.666 938.115
834.588 936.11
833.644 934.07
833.343 931.87
833.683 929.677
834.965 927.92
837.09 927.461
839.234 927.837
841.152 929.006
843.246 929.539
845.423 929.688
847.603 929.731
849.777 929.618
851.898 929.169
853.631 927.827
855.349 926.454
857.068 925.082
858.266 923.282
859.293 921.362
860.27 919.395
861.13 917.366
861.696 915.259
862.199 913.13
862.838 911.018
863.491 908.912
863.88 906.745
864.379 904.593
865.133 902.498
865.481 900.317
865.633 898.11
865.933 895.924
866.736 893.889
867.828 891.96
869.022 890.07
869.747 887.982
870.717 886.009
871.827 884.107
872.675 882.074
873.666 880.111
874.885 878.279
876.104 876.448
877.364 874.634
879.203 873.438
881.22 872.592
883.264 871.846
885.328 871.118
886.89 869.608
888.046 867.752
888.847 865.686
889.843 863.708
891.023 861.809
892.161 859.892
892.894 857.801
893.532 855.68
894.465 853.666
895.449 851.667
896.038 849.523
896.804 847.434
897.601 845.355
898.382 843.279
899.149 841.202
900.125 839.194
901.06 837.154
901.688 835.014
902.328 832.863
902.854 830.68
902.719 828.475
902.193 826.323
901.13 824.381
899.813 822.571
898.774 820.613
897.79 818.636
896.752 816.698
895.51 814.876
894.247 813.047
893.209 811.084
891.892 809.301
890.62 807.491
889.661 805.489
888.768 803.475
887.683 801.523
887.234 799.384
887.52 797.192
888.118 795.078
889.098 793.124
890.48 791.399
891.875 789.676
893.446 788.153
895.153 786.73
897.167 785.917
899.345 786.25
901.492 786.774
903.602 787.447
905.69 788.202
907.813 788.883
909.785 789.89
911.4 791.472
912.765 793.278
913.937 795.186
915.352 796.947
916.597 798.823
917.797 800.711
919.179 802.493
920.213 804.503
921.496 806.316
923.154 807.88
924.327 809.807
925.656 811.638
926.896 813.525
927.957 815.535
929.372 817.368
930.523 819.336
931.864 821.184
933.139 823.085
934.441 824.932
935.908 826.641
937.406 828.352
938.926 830.039
940.427 831.765
941.674 833.731
943.05 835.614
944.407 837.489
945.836 839.33
947.392 841.068
949.084 842.645
950.748 844.263
952.498 845.773
954.109 847.439
955.705 849.167
957.299 850.855
958.869 852.563
960.124 854.471
961.042 856.578
961.717 858.762
962.741 860.821
963.871 862.823
964.593 864.985
965.255 867.153
965.801 869.345
966.474 871.5
967.184 873.645
967.947 875.761
968.896 877.795
970.03 879.755
971.349 881.612
972.596 883.489
973.759 885.411
975.163 887.168
977.147 888.134
979.308 888.444
981.479 888.001
983.638 887.542
985.802 887.678
987.552 889.068
989.157 890.578
990.051 892.587
991.088 894.517
991.733 896.613
993.111 898.37
993.841 900.402
994.51 902.444
995.51 904.37
996.425 906.341
997.219 908.353
997.896 910.398
998.831 912.376
999.386 914.486
999.562 916.649
999.766 918.817
1000.3 920.933
1001.07 923
1001.58 925.135
1002.15 927.239
1002.81 929.314
1003.8 931.241
1005.23 932.854
1007.14 933.91
1009.06 934.948
1011.14 935.47
1013.3 935.604
1015.46 935.574
1017.63 935.438
1019.77 935.174
1021.9 934.768
1024.02 934.293
1026.13 933.777
1028.3 933.58
1030.47 933.345
1032.58 932.837
1034.59 931.951
1036.6 931.08
1038.7 930.535
1040.78 929.852
1042.85 929.191
1044.92 928.574
1046.98 927.894
1049.1 927.49
1051.16 926.891
1053.13 925.99
1055.21 925.448
1057.11 924.554
1058.73 923.202
1060.16 921.657
1061.02 919.767
1061.37 917.73
1061.41 915.654
1061.42 913.58
1061.82 911.564
1063.28 910.069
1065.06 908.918
1066.83 907.786
1068.81 907.152
1070.89 907.003
1072.98 907.068
1075.07 907.016
1077.16 906.878
1079.24 906.669
1081.32 906.473
1083.42 906.424
1085.52 906.375
1087.62 906.199
1089.72 905.993
1091.83 905.892
1093.94 905.77
1096.02 905.355
1098.09 904.923
1100.21 904.647
1102.32 904.276
1104.39 903.676
1106.51 903.242
1108.61 902.682
1110.68 902.018
1112.72 901.224
1114.72 900.337
1116.67 899.279
1118.65 898.252
1120.76 897.521
1122.86 896.747
1124.79 895.551
1126.74 894.366
1128.8 893.403
1130.88 892.489
1132.86 891.336
1134.82 890.108
1136.93 889.164
1138.89 887.936
1141.06 887.016
1142.89 885.586
1144.73 884.161
1146.45 882.589
1148.19 881.028
1149.65 879.156
1151.27 877.417
1152.61 875.464
1153.77 873.395
1155.17 871.449
1156.33 869.367
1156.93 867.06
1157.65 864.808
1159.13 862.937
1160.89 861.357
1162.91 860.138
1164.9 858.87
1166.92 857.687
1169.02 856.638
1170.84 855.223
1172.64 853.726
1174.27 852.073
1175.82 850.336
1177.45 848.675
1178.9 846.859
1180.45 845.092
1181.68 843.124
1182.8 841.095
1183.76 838.967
1184.88 836.923
1185.39 834.679
1185.68 832.398
1186.18 830.156
1186.38 827.875
1186.48 825.588
1186.52 823.303
1186.48 821.021
1186.38 818.749
1186.16 816.492
1185.77 814.255
1185.61 811.998
1185.47 809.737
1185.13 807.506
1184.42 805.367
1183.57 803.281
1182.47 801.331
1181.15 799.534
1179.63 797.888
1177.84 796.57
1176 795.312
1174.13 794.16
1172.05 793.469
1169.95 792.864
1167.97 791.901
1165.86 791.407
1163.71 791.06
1161.61 790.531
1159.47 790.218
1157.33 790.041
1155.19 789.911
1153.05 789.944
1150.93 790.048
1148.81 790.144
1146.71 790.262
1144.62 790.503
1142.57 790.927
1140.49 791.136
1138.41 791.192
1136.33 791.249
1134.26 791.323
1132.2 791.376
1130.14 791.398
1128.09 791.39
1126.02 791.37
1123.96 791.442
1121.9 791.581
1119.83 791.726
1117.79 791.853
1115.75 792.167
1113.72 792.483
1111.68 792.759
1109.66 793.142
1107.62 793.363
1105.57 793.54
1103.52 793.75
1101.48 794.018
1099.45 794.472
1097.43 795.006
1095.4 795.477
1093.34 795.806
1091.27 796.019
1089.19 796.11
1087.11 796.012
1085.14 795.32
1083.3 794.239
1081.39 793.376
1079.41 792.661
1077.38 792.086
1075.33 791.574
1073.27 791.022
1071.48 789.805
1069.75 788.512
1068.63 786.688
1067.56 784.832
1066.21 783.139
1064.89 781.409
1063.13 780.082
1061.24 778.873
1059.26 777.805
1057.08 777.257
1054.92 776.562
1052.84 775.57
1050.63 774.923
1048.47 774.107
1046.36 773.138
1044.3 772.047
1042.3 770.782
1040.44 769.354
1038.82 767.623
1037.33 765.791
1036.13 763.76
1034.79 761.798
1033.32 759.949
1031.59 758.305
1029.76 756.8
1027.9 755.324
1025.82 754.153
1023.83 752.865
1021.93 751.393
1020.1 749.835
1017.92 748.891
1015.69 748.028
1013.78 746.58
1012.84 745.862
1011.89 745.145
1010 743.652
1007.92 742.47
1005.89 741.244
1003.94 739.949
1001.96 738.659
999.806 737.74
997.705 736.738
995.717 735.499
993.762 734.205
991.737 733.033
989.969 731.543
988.586 729.684
986.995 728.024
985.296 726.523
983.403 725.244
981.478 723.982
979.637 722.615
977.686 721.417
975.814 720.048
973.814 718.956
972.075 717.477
970.141 716.291
968.179 715.147
966.27 713.914
964.235 712.942
962.405 711.606
960.582 710.276
958.592 709.236
956.704 708.022
954.946 706.612
953.242 705.15
951.695 703.47
950.574 701.497
949.737 699.41
949.16 697.228
948.117 695.225
947.049 693.231
946.247 691.12
945.535 688.98
944.832 686.832
944.125 684.683
943.581 682.493
942.902 680.35
942.023 678.259
941.497 676.081
941.029 673.88
940.246 671.76
939.36 669.676
938.493 667.6
937.652 665.511
936.939 663.36
936.096 661.261
935.171 659.184
933.887 657.276
932.891 655.208
931.696 653.222
930.446 651.279
929.256 649.306
927.953 647.367
926.902 645.266
925.498 643.389
923.996 641.584
922.629 639.675
921.362 637.692
919.927 635.822
918.801 633.766
917.661 631.721
916.639 629.625
915.432 627.635
914.167 625.671
913.074 623.598
911.625 621.742
910.11 619.959
908.687 618.108
907.199 616.294
905.841 614.409
904.769 612.35
903.619 610.307
902.545 608.237
901.54 606.137
900.671 603.992
899.672 601.896
898.531 599.859
897.226 597.945
895.497 596.391
893.97 594.645
892.538 592.847
890.851 591.252
889.541 589.321
888.241 587.405
886.855 585.561
885.353 583.803
883.938 581.953
882.22 580.439
880.473 578.961
878.585 577.712
876.487 576.85
874.429 575.828
872.277 575.089
870.311 573.938
868.181 573.256
866.07 572.541
863.929 571.878
861.987 570.781
859.98 569.855
857.849 569.311
855.772 568.598
853.7 567.908
851.637 567.236
849.598 566.504
847.597 565.682
845.557 565.025
843.572 564.214
841.757 563.061
839.943 561.909
838.631 560.252
837.705 558.379
837.431 556.327
837.357 554.246
837.277 552.171
837.204 550.11
837.009 548.057
836.789 546.012
836.561 543.969
836.28 541.932
836.12 539.884
835.997 537.837
835.958 535.785
835.866 533.725
835.702 531.672
835.518 529.622
835.311 527.576
834.998 525.537
834.757 523.486
834.549 521.431
834.369 519.377
834.15 517.321
833.888 515.271
833.693 513.213
833.539 511.153
833.461 509.085
833.401 507.009
833.247 504.934
832.788 502.895
832.424 500.834
832.16 498.754
831.798 496.698
831.064 494.755
829.756 493.111
828.261 491.64
826.434 490.586
824.499 489.774
822.478 489.181
820.601 488.251
818.695 487.404
816.711 486.802
814.722 486.16
813.011 485.047
812.562 482.971
812.653 480.821
812.964 478.716
813.094 476.611
812.955 474.499
812.478 472.432
811.517 470.521
810.603 468.578
810.079 466.488
809.906 464.332
809.928 462.168
809.934 459.998
809.87 457.821
809.587 455.646
808.944 453.523
808.432 451.356
807.962 449.169
807.4 447.011
806.798 444.816
806.077 442.64
805.637 440.403
805.136 438.17
804.211 436.082
802.959 434.126
801.801 432.108
800.555 430.161
798.871 428.582
797.057 427.094
795.323 425.471
793.593 423.839
791.788 422.312
789.955 420.829
788.45 419.021
786.806 417.348
785.311 415.521
783.526 413.976
781.616 412.624
779.879 411.028
777.983 409.589
776.618 407.691
775.71 405.555
775.687 403.256
776.348 401.052
777.349 398.951
777.825 396.694
778.098 394.395
778.112 392.08
777.728 389.774
777.159 387.522
775.775 385.642
774.29 383.822
772.916 381.974
771.294 380.378
769.541 378.92
767.567 377.783
765.535 376.768
763.639 375.482
761.709 374.257
759.617 373.413
757.483 372.668
755.379 371.802
753.381 370.721
751.414 369.629
749.363 368.729
747.22 368.072
745.027 367.631
742.826 367.181
740.946 365.86
738.918 364.956
736.828 364.207
734.768 363.376
732.763 362.357
730.718 361.458
728.593 360.794
726.432 360.254
724.248 359.777
722.052 359.374
719.962 358.632
718.166 357.367
716.673 355.726
715.006 354.3
713.045 353.349
710.976 352.592
708.881 351.87
706.716 351.5
704.517 351.296
702.366 350.834
700.242 350.269
698.172 349.5
696.209 348.475
694.437 347.156
692.669 345.844
690.565 345.324
688.386 345.009
686.234 344.537
684.053 344.117
682.017 343.271
680.033 342.285
678.23 341.05
676.478 339.752
674.608 338.615
672.686 337.601
670.753 336.575
668.813 335.51
666.7 334.854
664.553 334.299
662.423 333.637
660.316 332.927
658.233 332.144
656.098 331.486
654.002 330.738
651.945 329.864
649.84 329.152
647.862 328.127
645.832 327.22
643.963 326.014
641.985 325.03
640.281 323.621
638.986 321.841
637.404 320.341
635.486 319.306
633.437 318.539
631.373 317.823
629.259 317.226
627.233 316.376
625.276 315.37
623.319 314.341
621.315 313.404
619.227 312.72
617.104 312.159
615.069 311.313
612.922 310.799
610.72 310.558
608.534 310.239
606.389 309.731
604.247 309.237
602.159 308.542
600.105 307.724
598.275 306.449
596.273 305.547
594.213 304.784
592.235 303.77
590.126 303.113
588.012 302.49
585.853 302.03
583.711 301.524
581.549 301.03
579.47 300.244
577.548 299.091
575.58 298.027
573.564 297.074
571.667 295.861
569.624 294.936
567.579 294.004
565.429 293.407
563.441 292.435
561.672 291.055
559.824 289.781
558.03 288.512
556.398 287.09
554.942 285.429
553.374 283.912
551.676 282.501
550.051 281.049
548.652 279.363
547.015 277.893
545.283 276.535
543.844 274.864
542.549 273.101
541.497 271.188
540.797 269.105
540.02 267.057
538.973 265.109
538.413 263.015
538.477 260.856
539.086 258.785
539.939 256.806
540.769 254.825
541.341 252.765
541.72 250.669
542.432 248.676
543.36 246.746
543.917 244.703
544.448 242.658
545.041 240.634
545.704 238.64
546.381 236.661
547.247 234.742
548.072 232.811
548.69 230.807
549.209 228.768
549.588 226.71
550.003 224.659
550.738 222.684
551.262 220.657
551.611 218.589
552.101 216.558
553.005 214.647
553.389 212.605
553.512 210.523
553.644 208.447
553.951 206.397
554.397 204.364
554.887 202.332
555.328 200.295
555.624 198.232
555.848 196.156
556.045 194.079
556.127 191.997
556.081 189.909
556.048 187.82
556.007 185.728
555.904 183.637
555.703 181.546
555.49 179.451
555.265 177.352
554.896 175.272
554.499 173.179
554.043 171.099
553.659 169.013
553.137 166.952
552.56 164.886
551.912 162.833
551.528 160.725
551.119 158.6
550.232 156.6
549.605 154.518
549.152 152.37
548.433 150.294
547.512 148.292
546.508 146.299
545.736 144.213
545.031 142.089
543.885 140.131
542.944 138.065
541.758 136.108
540.886 134.014
539.888 131.979
538.688 130.019
537.744 127.934
536.704 125.898
535.369 124.02
534.107 122.086
533.238 119.955
532.036 118.027
530.468 116.357
529.101 114.534
527.43 112.943
525.885 111.211
524.557 109.279
522.863 107.681
521.155 106.11
519.303 104.709
517.38 103.366
515.627 101.792
513.602 100.65
511.632 99.3941
509.75 98.0203
507.596 97.2379
505.506 96.3061
503.501 95.21
501.539 94.0204
499.328 93.6011
497.089 93.3575
494.903 92.8574
492.695 92.5035
490.479 92.2145
488.272 91.9126
486.081 91.5666
483.888 91.3031
481.696 91.1028
479.509 90.9392
477.324 90.9551
475.15 91.1439
472.987 91.4252
470.84 91.8117
468.687 92.1731
466.53 92.4815
464.385 92.8114
462.263 93.2549
460.11 93.4303
457.944 93.5562
455.806 93.9082
453.718 94.5615
451.597 95.0985
449.442 95.4923
447.327 96.0399
445.313 96.9686
443.18 97.4868
441.102 98.1572
439.203 99.3251
437.199 100.259
435.13 101.049
433.089 101.9
431.152 103.05
429.033 103.814
427.074 104.937
425.026 105.849
423.118 107.061
421.403 108.606
419.442 109.766
417.532 110.998
415.565 112.119
413.85 113.633
411.994 114.928
410.103 116.187
408.192 117.374
406.37 118.686
404.615 120.068
402.966 121.583
401.395 123.177
399.588 124.486
397.635 125.559
395.695 126.637
393.826 127.836
392.042 129.153
390.043 129.995
387.939 130.511
385.756 130.702
383.572 130.845
381.404 131.025
379.234 131.102
377.067 131.222
374.92 131.537
372.784 131.994
370.642 132.367
368.507 132.736
366.398 133.232
364.243 133.401
362.076 133.487
359.926 133.75
357.844 134.379
355.767 135.035
353.657 135.537
351.623 136.285
349.622 137.139
347.496 137.553
345.415 138.16
343.475 139.23
341.483 140.151
339.41 140.864
337.378 141.695
335.408 142.726
333.344 143.55
331.311 144.442
329.299 145.402
327.252 146.3
325.264 147.338
323.286 148.427
321.188 149.243
319.054 150.022
317.135 151.302
315.176 152.516
313.154 153.609
311.27 154.963
309.309 156.192
307.194 157.132
305.132 158.181
303.252 159.578
301.432 161.093
299.389 162.195
297.446 163.45
295.563 164.817
293.72 166.194
292.066 167.773
290.448 169.395
288.905 171.056
287.273 172.625
285.631 174.132
284.048 175.687
282.363 177.149
280.953 178.846
279.529 180.545
277.95 182.089
276.468 183.744
274.969 185.439
273.262 186.936
271.645 188.578
270.059 190.248
268.751 192.16
267.306 194.004
265.599 195.654
264.121 197.482
262.882 199.511
261.51 201.47
260.102 203.383
258.594 205.232
257.335 207.262
255.98 209.203
254.732 211.193
253.705 213.306
252.999 215.555
251.874 217.608
250.538 219.548
249.327 221.548
247.86 223.412
246.659 225.415
245.572 227.46
244.501 229.512
243.24 231.472
241.992 233.429
241.001 235.494
239.647 237.358
238.413 239.294
237.485 241.375
236.591 243.457
235.632 245.505
234.499 247.472
233.521 249.506
232.637 251.578
231.579 253.568
230.538 255.576
229.704 257.66
229.072 259.799
228.378 261.914
227.398 263.93
226.51 265.998
225.866 268.138
225.403 270.337
224.654 272.453
223.504 274.399
222.405 276.371
221.523 278.433
220.674 280.501
219.786 282.57
218.793 284.609
218.07 286.733
217.332 288.831
216.424 290.868
215.273 292.797
213.848 294.537
212.544 296.357
211.072 298.049
209.505 299.648
207.72 301.038
206.145 302.609
204.697 304.281
203.377 306.087
202.037 307.868
200.615 309.58
199.262 311.369
197.989 313.212
197.062 315.219
196.18 317.237
195.195 319.208
194.167 321.14
193.413 323.163
192.859 325.251
192.398 327.361
192.175 329.505
191.904 331.638
191.726 333.769
191.785 335.899
191.848 338.038
191.9 340.172
191.918 342.296
192.003 344.411
192.248 346.511
192.509 348.606
192.753 350.694
193.123 352.768
193.312 354.863
193.453 356.958
193.605 359.046
193.888 361.101
194.191 363.151
194.531 365.193
195.012 367.196
195.601 369.178
196.079 371.186
196.381 373.227
196.589 375.272
196.867 377.303
197.336 379.305
197.79 381.31
198.291 383.296
198.762 385.301
199.129 387.312
199.272 389.371
199.53 391.408
199.888 393.425
200.617 395.373
201.184 397.351
201.511 399.36
201.817 401.375
202.149 403.393
202.503 405.412
202.958 407.408
203.518 409.389
204.063 411.372
204.431 413.386
204.666 415.418
204.97 417.443
205.389 419.453
205.867 421.449
206.499 423.4
207.098 425.38
207.575 427.382
208.154 429.365
208.612 431.369
209.118 433.361
209.342 435.404
209.575 437.443
209.993 439.45
210.464 441.443
210.84 443.456
211.321 445.453
211.879 447.439
212.35 449.429
212.762 451.435
213.282 453.416
213.72 455.415
214.191 457.41
214.637 459.41
215.089 461.413
215.538 463.41
216.131 465.369
216.954 467.279
217.299 469.303
217.576 471.336
217.928 473.356
218.331 475.363
218.717 477.377
219.139 479.383
219.594 481.388
220.143 483.369
220.697 485.345
221.267 487.31
221.827 489.294
222.144 491.33
222.437 493.372
222.973 495.361
223.299 497.375
223.572 499.412
224.108 501.385
224.701 503.344
225.217 505.323
225.423 507.354
225.624 509.392
226.078 511.38
226.519 513.379
226.887 515.391
227.41 517.376
228.025 519.343
228.489 521.338
228.932 523.334
229.386 525.325
229.767 527.326
230.25 529.308
230.756 531.281
231.134 533.283
231.489 535.286
231.989 537.25
232.357 539.262
232.654 541.278
233.155 543.246
233.563 545.246
233.824 547.271
234.149 549.289
234.49 551.299
235.009 553.291
235.518 555.281
235.967 557.278
236.281 559.296
236.597 561.328
236.933 563.351
237.243 565.364
237.606 567.363
238.152 569.33
238.501 571.339
238.86 573.351
239.222 575.349
239.497 577.363
239.927 579.344
240.574 581.291
241.134 583.258
241.567 585.246
241.807 587.273
242.098 589.299
242.417 591.321
242.946 593.318
243.598 595.277
244.131 597.255
244.373 599.28
244.614 601.295
245.006 603.294
245.419 605.295
245.76 607.302
246.169 609.301
246.467 611.319
246.77 613.346
247.278 615.334
247.649 617.335
247.848 619.378
248.254 621.363
248.969 623.28
249.513 625.254
249.798 627.285
250.093 629.318
250.401 631.346
250.912 633.341
251.588 635.289
252.147 637.26
252.496 639.274
253.066 641.246
253.367 643.261
253.575 645.285
253.933 647.277
254.476 649.246
254.762 651.261
254.99 653.3
255.464 655.298
255.902 657.296
256.173 659.322
256.378 661.355
256.667 663.374
257.162 665.359
257.396 667.382
257.593 669.409
257.901 671.42
258.305 673.417
258.691 675.422
259.185 677.414
259.723 679.405
260.22 681.394
260.618 683.408
260.996 685.426
261.428 687.423
261.938 689.401
262.266 691.419
262.624 693.44
263.122 695.426
263.407 697.453
263.721 699.485
264.294 701.45
265.043 703.364
265.568 705.342
265.888 707.357
266.173 709.391
266.504 711.413
267.056 713.404
267.651 715.388
268.134 717.392
268.514 719.404
269.075 721.387
269.378 723.415
269.621 725.444
270.07 727.428
270.653 729.404
271.178 731.399
271.678 733.385
272.27 735.358
272.851 737.331
273.206 739.339
273.424 741.361
273.725 743.379
274.165 745.372
274.413 747.399
274.699 749.426
275.164 751.421
275.793 753.376
276.408 755.341
276.919 757.328
277.281 759.336
277.517 761.374
277.63 763.426
277.871 765.464
278.662 767.381
279.251 769.347
279.527 771.385
279.928 773.402
280.5 775.388
281.13 777.357
281.342 779.411
281.482 781.477
281.694 783.538
282.11 785.563
282.845 787.511
283.53 789.479
283.883 791.532
284.137 793.607
284.573 795.654
285.047 797.689
285.544 799.713
286.058 801.737
286.342 803.817
286.69 805.897
287.362 807.91
287.767 809.999
288.026 812.127
288.598 814.172
289.323 816.189
289.691 818.307
290.088 820.413
290.62 822.491
291.474 824.479
292.262 826.494
293.043 828.506
293.693 830.573
294.679 832.482
295.851 834.284
297.244 835.94
298.764 837.477
300.53 838.717
302.315 839.903
304.122 841.089
306.159 841.781
308.166 842.542
310.165 843.299
312.118 844.188
314.144 844.808
316.204 845.244
318.295 845.497
320.341 845.953
322.181 846.99
324.083 847.938
325.327 849.618
325.813 851.664
325.712 853.75
325.126 855.735
324.146 857.598
323.006 859.382
322.156 861.308
321.486 863.309
320.716 865.288
319.546 867.095
318.695 869.054
317.925 871.053
317.128 873.028
316.278 874.976
315.199 876.845
314.323 878.798
313.54 880.79
312.765 882.784
311.664 884.658
310.742 886.618
309.771 888.567
309.072 890.626
308.242 892.647
307.239 894.597
306.066 896.479
305.286 898.548
304.297 900.539
303.483 902.592
302.465 904.558
301.482 906.544
300.726 908.634
300.062 910.764
298.879 912.689
297.75 914.629
297.043 916.772
295.923 918.747
294.956 920.803
293.871 922.793
293.163 924.946
292.387 927.082
291.212 929.021
290.031 930.968
289.257 933.104
288.204 935.122
287.392 937.235
286.403 939.279
285.503 941.369
284.493 943.404
283.322 945.365
282.545 947.488
282.579 949.711
283.654 951.689
285.219 953.35
287.211 954.429
289.406 955.099
291.636 955.679
293.856 956.329
296.102 956.891
298.377 957.164
300.683 957.276
302.994 957.448
305.302 957.689
307.623 957.785
309.956 957.773
312.286 957.774
314.605 957.797
316.934 957.795
319.263 957.662
321.545 957.229
323.513 956.062
324.7 954.054
325.311 951.744
325.951 949.441
327.222 947.43
328.669 945.557
330.26 943.819
332.084 942.295
333.879 940.763
335.641 939.146
337.399 937.528
338.66 935.504
339.985 933.543
341.377 931.661
343.094 930.039
344.668 928.345
346.033 926.474
347.552 924.744
348.885 922.852
350.277 921.02
351.774 919.244
353.177 917.38
354.476 915.475
355.857 913.637
357.212 911.771
358.517 909.924
359.822 908.09
361.166 906.255
362.198 904.233
363.496 902.396
364.927 900.656
366.189 898.801
367.655 897.078
368.993 895.234
370.074 893.233
371.468 891.417
372.804 889.553
373.95 887.544
375.364 885.703
376.642 883.788
377.61 881.69
378.782 879.712
380.275 877.962
381.539 876.088
382.633 874.112
383.741 872.167
385.034 870.349
386.169 868.469
387.443 866.685
388.734 864.929
389.932 863.109
391.46 861.54
393.453 860.661
395.567 860.204
397.722 860.158
399.856 860.372
401.962 860.625
404.055 860.91
406.135 861.195
408.215 861.377
410.29 861.599
412.348 861.896
414.39 862.211
416.435 862.448
418.49 862.582
420.54 862.737
422.574 863.016
424.581 863.493
426.623 863.726
428.663 863.956
430.698 864.269
432.714 864.566
434.734 864.82
436.759 865.036
438.754 865.432
440.726 865.913
442.714 866.327
444.717 866.701
446.738 866.927
448.765 867.119
450.759 867.53
452.728 868.081
454.714 868.525
456.735 868.711
458.745 868.959
460.744 869.242
462.742 869.465
464.74 869.657
466.75 869.766
468.765 869.918
470.761 870.312
472.757 870.655
474.768 870.92
476.761 871.288
478.761 871.584
480.759 871.889
482.743 872.302
484.735 872.688
486.73 873.047
488.714 873.429
490.724 873.58
492.747 873.671
494.761 873.887
496.736 874.356
498.736 874.668
500.752 874.961
502.774 875.238
504.789 875.489
506.784 875.876
508.763 876.359
510.764 876.732
512.77 876.952
514.777 877.069
516.788 877.172
518.801 877.328
520.804 877.558
522.817 877.642
524.835 877.731
526.829 878.053
528.763 878.668
530.747 879.069
532.747 879.394
534.76 879.675
536.739 880.127
538.74 880.44
540.767 880.573
542.801 880.617
544.827 880.658
546.848 880.71
548.867 880.816
550.869 881.065
552.864 881.406
554.878 881.543
556.892 881.612
558.898 881.731
560.885 881.998
562.865 882.385
564.847 882.777
566.849 883.027
568.87 883.063
570.878 883.28
572.883 883.57
574.903 883.681
576.929 883.676
578.896 884.066
580.668 885.161
582.618 885.62
584.645 885.547
586.673 885.52
588.698 885.56
590.721 885.607
592.734 885.785
594.677 886.366
596.585 887.11
598.599 887.425
600.614 887.692
602.566 888.272
604.453 889.064
606.44 889.238
608.437 888.934
610.437 888.77
612.44 888.79
614.427 888.998
616.381 889.436
618.366 889.627
620.356 889.703
622.339 889.824
624.302 890.114
626.268 890.263
628.23 890.315
630.183 890.367
632.121 890.533
634.06 890.814
635.997 891.073
637.954 891.27
639.794 891.942
641.08 893.39
641.136 895.321
640.559 897.224
640.4 899.166
640.549 901.126
640.879 903.071
641.465 904.963
641.742 906.931
641.801 908.938
641.679 910.949
641.461 912.957
641.277 914.981
640.871 916.981
639.932 918.827
639.139 920.736
638.122 922.564
637.645 924.565
637.681 926.634
638.16 928.663
638.692 930.68
639.212 932.702
639.692 934.739
640.517 936.666
641.28 938.608
642.071 940.537
643.466 942.124
644.737 943.792
645.66 945.702
646.753 947.506
647.614 949.431
648.202 951.459
648.314 953.554
648.14 955.645
647.874 957.722
647.447 959.779
647.111 961.858
646.93 963.954
646.918 966.056
647.247 968.134
647.582 970.211
648.108 972.243
648.89 974.191
649.723 976.136
650.143 978.191
650.265 980.291
650.307 982.403
650.361 984.522
650.428 986.644
650.515 988.766
650.631 990.894
650.765 993.028
650.877 995.169
651.156 997.296
651.784 999.345
652.74 1001.26
653.974 1003
655.633 1004.38
657.55 1005.38
659.563 1006.18
661.513 1007.16
663.64 1007.58
665.802 1007.85

18

784.406 480.662
782.408 480.505
780.557 479.548
778.648 478.419
776.779 477.29
775.279 475.824
774.462 473.872
774.461 471.724
774.789 469.647
776.49 468.605
778.393 468.502
780.207 469.463
781.878 470.758
783.498 472.113
785.236 473.674
786.29 475.56
786.547 477.7
786.473 479.795

19

596.17 380.267
593.868 379.586
591.701 379.531
589.68 379.337
588.533 377.716
588.723 375.824
590.645 375.469
592.724 375.464
594.811 375.495
596.92 376.304
599.064 376.453
601.174 376.463
603.192 376.477
605.064 376.784
605.513 378.514
605.132 380.304
603.107 380.526
600.882 380.519
598.524 380.526

