CONTOUR

3

1787

440.541 1041.47
442.833 1041.58
445.13 1041.57
447.409 1041.3
449.624 1040.62
451.828 1039.92
454.109 1039.52
456.359 1039.02
458.493 1038.01
460.783 1037.58
463.047 1037.13
465.261 1036.48
467.464 1035.79
469.555 1034.78
471.655 1033.79
473.791 1032.88
475.914 1031.97
477.783 1030.66
479.527 1029.15
481.118 1027.46
482.098 1025.35
483.238 1023.33
484.631 1021.44
485.681 1019.37
486.738 1017.31
487.814 1015.25
489.258 1013.4
490.553 1011.47
491.844 1009.54
493.041 1007.54
493.89 1005.38
495.083 1003.39
496.126 1001.34
497.354 999.381
498.258 997.265
499.394 995.263
500.536 993.276
501.49 991.195
502.47 989.112
503.61 987.113
504.926 985.232
505.898 983.183
507.07 981.221
508.318 979.31
509.288 977.267
510.276 975.22
511.417 973.236
512.278 971.117
513.411 969.134
514.427 967.089
515.532 965.09
516.626 963.103
517.668 961.101
518.972 959.217
519.848 957.135
520.997 955.17
521.757 953.057
522.749 951.04
523.844 949.06
524.951 947.086
525.856 945.04
527.082 943.147
527.905 941.064
529.131 939.175
530.069 937.154
531.346 935.301
532.611 933.438
533.472 931.382
534.227 929.304
535.344 927.368
536.32 925.375
537.231 923.357
537.76 921.212
538.619 919.182
539.696 917.267
540.912 915.417
541.593 913.351
542.167 911.238
543.171 909.28
543.937 907.225
545.134 905.379
546.015 903.383
547.274 901.623
549.014 900.311
550.824 899.07
552.688 897.976
554.788 897.594
556.925 897.494
559.067 897.437
561.171 897.143
563.06 896.111
565.014 895.265
567.024 894.578
569.037 893.928
571.116 893.65
573.2 893.447
575.299 893.309
577.37 893.003
579.28 892.116
581.188 891.221
583.236 890.817
585.338 890.684
587.407 890.401
589.452 890.036
591.493 889.628
593.532 889.232
595.489 888.526
597.418 887.721
599.436 887.189
601.422 886.521
603.433 885.947
605.484 885.604
607.527 885.241
609.555 884.843
611.593 884.459
613.605 883.932
615.563 883.215
617.519 882.468
619.526 881.909
621.596 881.685
623.659 881.422
625.639 880.835
627.504 879.85
629.485 879.21
631.474 878.632
633.431 877.932
635.479 877.635
637.546 877.432
639.586 877.076
641.633 876.724
643.699 876.48
645.737 876.074
647.601 875.127
649.392 874.003
651.422 873.609
653.497 873.487
655.568 873.364
657.612 873.027
659.493 872.064
661.476 871.379
663.448 870.654
665.388 869.875
667.438 869.577
669.519 869.425
671.591 869.224
673.596 868.696
675.457 867.718
677.384 866.909
679.411 866.402
681.438 865.857
683.507 865.647
685.578 865.543
687.635 865.381
689.648 864.933
691.465 863.851
693.436 863.142
695.465 862.587
697.451 861.932
699.512 861.658
701.583 861.455
703.645 861.155
705.67 860.69
707.639 860.025
709.491 859.029
711.41 858.195
713.421 857.658
715.493 857.467
717.55 857.203
719.542 856.572
721.566 856.076
723.574 855.521
725.471 854.636
727.397 853.838
729.454 853.572
731.527 853.446
733.581 853.203
735.529 852.513
737.404 851.592
739.327 850.818
741.279 850.139
743.294 849.704
745.334 849.488
747.383 849.344
749.401 848.999
751.27 848.071
753.262 847.597
755.295 847.36
757.305 847.042
759.268 846.527
761.195 845.823
763.188 845.47
765.18 845.174
767.124 844.641
768.974 843.857
770.777 842.975
772.661 842.345
774.592 841.911
776.548 841.574
778.518 841.252
780.405 840.587
782.297 839.959
784.166 840.52
785.8 841.618
786.712 843.329
786.773 845.298
786.447 847.271
785.95 849.222
785.66 851.21
785.499 853.223
785.362 855.247
785.04 857.243
784.051 859.073
783.502 861.053
783.048 863.074
782.198 864.989
782.195 867.003
783.023 868.936
783.582 870.941
784.397 872.833
785.229 874.722
785.977 876.644
787.288 878.272
788.597 879.916
789.777 881.683
790.616 883.617
791.203 885.658
791.673 887.714
792.004 889.79
792.074 891.894
791.897 893.992
791.214 896.008
790.61 898.042
790.418 900.146
790.601 902.256
791.05 904.337
791.561 906.404
792.567 908.319
793.254 910.352
793.592 912.476
793.741 914.624
793.778 916.782
793.677 918.951
793.299 921.088
792.339 923.069
791.206 924.987
790.347 927.051
790.507 929.266
791.394 931.338
792.751 933.128
794.363 934.659
796.031 936.143
797.447 937.87
799.222 939.216
801.044 940.481
803.053 941.336
805.215 941.664
807.414 941.77
809.615 941.834
811.815 941.884
814.017 941.858
816.213 941.656
818.409 941.5
820.6 941.422
822.774 941.286
824.915 940.881
826.991 940.233
829.023 939.448
831.045 938.6
832.928 937.548
834.359 935.931
835.768 934.316
836.687 932.412
837.19 930.354
837.443 928.257
837.597 926.14
837.582 924.017
837.536 921.9
837.484 919.789
837.414 917.675
837.383 915.565
837.29 913.464
837.01 911.38
836.855 909.292
837.087 907.226
837.514 905.198
838.288 903.25
838.856 901.248
839.025 899.188
838.697 897.144
837.975 895.179
837.389 893.171
836.835 891.167
836.399 889.135
836.288 887.056
836.397 884.965
836.565 882.88
836.816 880.802
837.306 878.761
837.889 876.756
839.064 875.013
840.352 873.357
841.473 871.589
842.293 869.659
843.138 867.747
844.07 865.863
844.553 863.841
844.664 861.76
844.664 859.675
844.65 857.591
844.601 855.512
844.436 853.442
844.03 851.417
843.258 849.487
842.442 847.57
841.7 845.624
841.238 843.599
840.764 841.57
840.308 839.543
840.251 837.472
840.397 835.409
840.452 833.356
840.078 831.338
839.71 829.335
839.468 827.321
839.312 825.311
839.662 823.304
840.769 821.632
842.562 820.788
844.566 820.615
846.558 820.915
848.418 821.705
849.927 823.062
851.453 824.361
852.987 825.661
854.686 826.741
856.385 827.83
858.246 828.569
860.205 828.993
862.218 829.266
864.225 829.558
866.262 829.704
868.311 829.79
870.354 829.989
872.359 830.455
874.397 830.78
876.411 831.29
878.464 831.664
880.519 831.983
882.552 832.484
884.622 832.84
886.694 833.175
888.772 833.488
890.869 833.667
892.977 833.878
895.078 834.22
897.17 834.456
899.283 834.578
901.41 834.702
903.545 834.885
905.65 835.205
907.759 835.594
909.88 836
912.001 836.428
914.148 836.707
916.307 836.99
918.488 837.137
920.678 837.016
922.859 836.819
925.021 836.422
927.132 835.769
929.1 834.759
931.063 833.742
932.868 832.467
934.203 830.738
935.094 828.721
935.371 826.528
935.183 824.324
934.489 822.188
933.71 820.077
932.952 817.967
931.884 815.977
930.913 813.974
930.249 811.862
929.334 809.852
927.957 808.081
926.856 806.171
925.962 804.191
925.355 802.101
924.647 800.06
923.638 798.14
922.709 796.199
921.893 794.21
921.274 792.156
920.581 790.115
919.893 788.083
919.428 785.981
918.858 783.915
918.044 781.927
917.593 779.861
917.265 777.764
916.792 775.694
916.167 773.66
915.415 771.672
914.829 769.65
914.44 767.59
913.965 765.543
913.575 763.481
913.11 761.438
912.404 759.46
911.735 757.453
911.27 755.393
910.664 753.387
910.013 751.392
909.605 749.333
909.184 747.279
908.251 745.386
907.261 743.508
906.623 741.493
906.02 739.479
905.533 737.45
905.022 735.422
904.375 733.409
903.804 731.379
903.454 729.304
902.918 727.268
902.158 725.297
901.605 723.266
901.128 721.214
900.542 719.193
899.917 717.16
898.918 715.269
898.046 713.341
897.367 711.344
896.652 709.366
895.917 707.382
895.268 705.375
894.434 703.425
893.618 701.471
893.058 699.452
892.458 697.436
891.646 695.496
890.86 693.545
890.161 691.571
889.381 689.627
888.556 687.691
887.853 685.728
887.233 683.743
886.144 681.939
885.344 680.017
884.338 678.211
883.158 676.49
882.113 674.677
881.406 672.72
881.594 670.691
883.19 669.426
885.223 669.484
887.039 670.562
888.821 671.683
890.549 672.836
892.463 673.613
894.377 674.41
896.199 675.443
898.098 676.369
900.084 677.117
902.16 677.575
904.175 678.276
906.153 679.171
908.203 679.928
910.139 680.97
911.805 682.429
913.041 684.266
913.641 686.396
914.06 688.599
914.282 690.839
914.557 693.091
915.198 695.274
916.215 697.344
917.078 699.463
918.045 701.518
919.512 703.305
921.115 704.98
922.518 706.783
924.028 708.532
925.668 710.129
927.319 711.767
928.928 713.445
930.501 715.13
932.311 716.586
934.054 718.095
935.653 719.803
937.301 721.477
939.088 722.99
940.99 724.374
942.822 725.812
944.639 727.293
946.472 728.714
948.323 730.09
949.959 731.721
951.604 733.401
953.2 735.096
954.523 737.02
956.161 738.648
957.703 740.363
959.56 741.746
961.603 742.824
963.783 743.601
965.997 744.339
967.966 745.626
969.595 747.34
970.841 749.37
972.236 751.321
973.635 753.251
975.203 755.042
976.603 756.993
978.231 758.711
979.82 760.483
980.87 762.609
981.685 764.84
982.648 767.023
983.855 769.053
985.297 770.924
986.552 772.931
988.161 774.63
989.704 776.384
991.741 777.422
994.033 777.652
996.315 777.354
998.382 776.316
1000.27 774.99
1002.04 773.436
1003.99 772.111
1005.65 770.451
1007.55 769.089
1009.35 767.576
1011.03 765.96
1012.92 764.561
1014.48 762.805
1016.24 761.289
1017.93 759.662
1019.73 758.174
1021.6 756.784
1023.26 755.119
1025.06 753.659
1026.48 751.874
1027.67 749.956
1028.29 747.803
1028.3 745.569
1027.82 743.372
1027.09 741.214
1026.7 738.981
1027.29 736.814
1028.82 735.131
1030.7 733.858
1032.87 733.162
1034.98 732.337
1037.02 731.287
1039.09 730.274
1041.23 729.459
1043.31 728.502
1045.38 727.505
1047.47 726.554
1049.63 725.739
1051.78 724.92
1053.69 723.586
1055.69 722.421
1057.8 721.435
1059.88 720.343
1061.82 719.037
1063.72 717.642
1065.81 716.562
1067.88 715.417
1069.82 714.055
1071.89 712.884
1073.86 711.51
1074.78 710.729
1075.7 709.947
1077.53 708.418
1079.36 706.866
1081.31 705.463
1083.21 704.015
1085.26 702.772
1087.04 701.215
1088.76 699.568
1090.53 698.022
1092.38 696.587
1094.07 694.957
1095.89 693.435
1097.82 692.03
1099.7 690.602
1101.56 689.176
1103.28 687.592
1104.98 686.017
1106.76 684.621
1108.41 683.088
1109.86 681.393
1111.37 679.743
1112.95 678.185
1114.47 676.607
1115.98 675.001
1117.41 673.31
1118.7 671.495
1120.03 669.671
1121.55 667.986
1122.76 666.047
1124.03 664.113
1125.16 662.096
1125.6 659.853
1125.64 657.559
1124.95 655.391
1123.42 653.667
1121.55 652.295
1119.68 650.905
1118 649.348
1116.86 647.37
1116.32 645.152
1116.86 642.955
1117.71 640.866
1118.87 638.918
1119.76 636.816
1120.49 634.661
1121.08 632.474
1121.61 630.268
1121.9 628.02
1122.09 625.758
1121.86 623.492
1121.59 621.239
1121.45 618.974
1121.13 616.743
1120.11 614.693
1119.3 612.576
1118.23 610.554
1117.32 608.49
1116.14 606.565
1114.74 604.774
1113.32 603.009
1111.58 601.548
1109.91 600.034
1108.04 598.855
1106.04 597.844
1103.87 597.367
1101.68 596.973
1099.47 596.771
1097.25 596.663
1095.04 596.655
1092.82 596.685
1090.6 596.715
1088.4 596.879
1086.21 597.248
1084.01 597.407
1081.8 597.506
1079.61 597.771
1077.44 598.174
1075.28 598.607
1073.16 599.139
1071.02 599.678
1068.97 600.425
1066.95 601.33
1064.86 602.018
1062.77 602.713
1060.69 603.489
1058.67 604.443
1056.65 605.358
1054.77 606.525
1052.99 607.886
1051.13 609.136
1049.12 610.12
1047.27 611.429
1045.25 612.442
1043.2 613.371
1041.27 614.508
1039.37 615.72
1037.67 617.249
1035.81 618.528
1033.99 619.849
1032.09 621.056
1030.04 621.991
1028.1 623.179
1025.92 623.557
1023.7 623.34
1021.63 622.518
1020.12 620.905
1019.39 618.759
1018.57 616.67
1017.46 614.726
1016.16 612.872
1014.93 610.979
1013.19 609.497
1011.42 608.057
1009.56 606.789
1007.66 605.535
1005.66 604.459
1003.77 603.208
1001.77 602.174
999.671 601.36
997.584 600.507
995.439 599.827
993.212 599.532
990.97 599.261
988.801 598.563
986.665 597.755
984.48 597.142
982.495 596.043
980.51 594.929
978.394 594.102
976.217 593.477
974.195 592.503
972.283 591.318
970.288 590.224
968.307 589.163
966.735 587.593
965.325 585.851
963.637 584.388
961.909 582.954
960.345 581.337
958.699 579.804
957.012 578.277
955.331 576.752
953.629 575.245
951.86 573.79
949.915 572.621
948.025 571.384
946.042 570.307
943.973 569.426
941.937 568.476
939.874 567.595
937.707 567.008
935.614 566.154
933.521 565.328
931.498 564.355
929.573 563.18
927.651 561.974
925.882 560.606
924.593 558.791
923.501 556.818
922.443 554.823
921.322 552.888
919.683 551.314
918.042 549.739
916.1 548.663
914.019 547.799
911.907 547.013
909.733 546.453
907.563 545.897
905.476 545.116
903.604 543.763
901.47 543.018
899.316 542.325
897.302 541.302
895.571 539.778
893.72 538.456
891.78 537.308
889.798 536.201
887.671 535.422
885.532 534.681
883.294 534.269
881.053 533.876
878.836 533.317
876.561 533.099
874.269 533.03
871.956 533.036
869.658 532.828
867.467 532.091
865.462 530.876
863.571 529.508
861.865 527.902
860.353 526.13
858.732 524.473
857.216 522.723
855.428 521.23
853.816 519.525
852.431 517.658
850.982 515.832
849.696 513.861
847.951 512.304
846.382 510.613
845.123 508.663
843.862 506.729
842.4 504.938
841.095 503.017
839.605 501.205
838.083 499.44
836.686 497.565
835.034 495.919
833.37 494.36
831.473 493.091
829.578 491.805
827.626 490.648
825.544 489.781
823.393 489.1
821.286 488.294
819.141 487.678
816.916 487.434
814.69 487.23
812.473 486.962
810.26 486.616
808.034 486.399
805.806 486.412
803.594 486.645
801.399 486.954
799.199 487.113
796.986 487.238
794.783 487.322
792.577 487.319
790.368 487.272
788.155 487.244
785.957 487.085
784.026 486.107
782.564 484.504
781.536 482.584
780.618 480.635
779.468 478.792
778.477 476.85
777.404 474.954
775.92 473.327
774.753 471.47
773.43 469.718
771.925 468.127
770.286 466.661
768.502 465.413
766.592 464.36
764.554 463.559
762.411 463.153
760.224 463.032
758.04 463.147
755.848 463.341
753.733 463.791
751.7 464.585
749.64 465.328
747.516 465.81
745.381 466.167
743.271 466.486
741.212 467.101
739.179 467.86
737.134 468.577
735.094 469.248
732.963 469.471
730.82 469.499
728.694 469.397
726.579 469.165
724.452 469.062
722.355 469.197
720.407 469.897
718.765 471.32
716.809 472.145
714.913 473.156
712.937 473.941
710.979 474.781
709.228 476.048
707.302 476.984
705.199 477.267
703.089 477.163
701.01 476.756
698.923 476.315
696.809 476.237
694.769 476.792
692.795 477.538
690.945 478.526
689.316 479.842
687.708 481.216
685.821 482.081
683.838 482.706
681.853 483.419
679.813 483.848
677.751 484.06
675.672 484.087
673.662 483.576
671.997 482.262
670.72 480.579
669.694 478.751
669.269 476.712
669.028 474.627
668.86 472.524
668.824 470.416
668.689 468.316
668.389 466.238
667.819 464.222
666.785 462.381
665.57 460.626
664.071 459.05
662.735 457.389
661.419 455.683
660.141 453.945
659.176 452.018
659.149 449.905
660.018 447.907
660.977 445.944
661.79 443.951
662.944 442.09
663.45 440.009
663.643 437.844
663.75 435.661
663.846 433.462
664.065 431.262
664.358 429.057
664.451 426.833
664.243 424.608
663.72 422.415
663.426 420.169
662.7 418.025
661.705 415.948
661.231 413.716
661.007 411.43
660.419 409.233
659.19 407.292
657.665 405.562
655.766 404.203
654.062 402.626
652.323 401.119
650.63 399.533
649.078 397.816
647.333 396.273
645.605 394.687
643.997 393.016
642.446 391.244
641.018 389.357
639.429 387.592
637.882 385.783
636.503 383.854
635.201 381.896
634.731 379.643
634.713 377.326
634.639 375.007
634.298 372.733
633.703 370.518
633.179 368.286
632.474 366.106
631.706 363.965
630.75 361.901
629.585 359.943
628.434 358.007
627.017 356.284
625.516 354.642
623.657 353.424
621.734 352.293
619.838 351.141
617.985 349.895
615.921 349.174
613.84 348.563
611.703 348.219
609.574 347.819
607.488 347.233
605.446 346.53
603.408 345.872
601.317 345.485
599.203 345.275
597.089 345.16
594.978 345.083
592.866 345.027
590.76 345.052
588.671 345.186
586.584 345.305
584.501 345.212
582.494 344.604
580.494 344.001
578.471 343.582
576.423 343.477
574.374 343.5
572.323 343.45
570.261 343.366
568.198 343.283
566.145 343.178
564.098 343.068
562.112 342.603
560.157 341.962
558.216 341.324
556.211 341.06
554.182 340.991
552.141 341.032
550.101 341.089
548.064 341.111
546.017 340.959
544.065 340.328
542.415 339.111
541.021 337.618
540.014 335.824
539.449 333.851
539.968 331.897
541.375 330.468
543.306 329.764
545.244 329.073
546.939 327.837
548.894 327.048
550.35 325.555
551.603 323.856
552.632 322.007
553.351 320.036
553.571 317.935
553.619 315.814
553.575 313.689
553.54 311.554
553.739 309.43
554.404 307.397
555.27 305.447
556.363 303.593
557.209 301.626
557.515 299.517
557.652 297.375
557.718 295.215
557.735 293.059
557.697 290.905
557.614 288.749
557.804 286.617
559.111 284.882
560.581 283.32
562.391 282.179
564.143 280.976
565.27 279.202
565.699 277.111
565.788 274.95
565.716 272.785
565.265 270.695
563.978 268.959
562.444 267.379
561.165 265.609
559.92 263.794
559.407 261.686
559.43 259.503
559.954 257.385
560.905 255.382
561.376 253.251
561.506 251.076
561.285 248.909
560.676 246.794
560.175 244.65
559.786 242.475
559.113 240.365
558.129 238.364
557.776 236.194
557.602 233.989
557.32 231.798
556.842 229.657
556.185 227.56
555.188 225.578
554.266 223.562
553.54 221.477
552.852 219.386
551.707 217.496
550.573 215.597
549.374 213.735
548.22 211.866
546.842 210.142
545.43 208.453
543.649 207.125
542.06 205.564
540.384 204.158
538.636 202.834
536.678 201.898
534.641 201.097
532.804 199.865
530.799 199.008
528.745 198.278
526.674 197.614
524.554 197.203
522.448 196.689
520.356 196.095
518.26 195.518
516.119 195.18
513.966 194.962
511.817 194.752
509.669 194.526
507.518 194.367
505.369 194.259
503.219 194.171
501.076 194.062
498.933 193.923
496.788 193.764
494.647 193.513
492.493 193.409
490.333 193.41
488.174 193.548
486.02 193.876
483.848 194.049
481.666 194.154
479.479 194.284
477.303 194.563
475.199 195.218
473.192 196.185
471.123 197.018
468.926 197.439
466.747 197.917
464.813 199.09
462.785 200.094
460.729 201.052
458.62 201.899
456.849 203.356
455.015 204.728
452.984 205.851
451.102 207.236
449.324 208.731
447.457 210.114
445.629 211.566
444.025 213.234
442.537 215.029
441.079 216.814
439.478 218.48
438.023 220.274
436.639 222.093
434.942 223.685
433.564 225.544
432.336 227.479
431.128 229.426
429.843 231.33
429.084 233.46
428.36 235.602
427.464 237.674
426.625 239.755
426.176 241.942
425.965 244.164
425.752 246.376
425.44 248.57
425.297 250.773
425.241 252.975
425.207 255.172
425.21 257.355
425.27 259.521
425.366 261.671
425.576 263.805
425.736 265.951
425.801 268.095
425.902 270.23
426.267 272.343
426.548 274.474
426.722 276.61
426.674 278.752
426.177 280.815
425.021 282.579
423.325 283.893
421.509 285.05
419.959 286.51
418.464 288.053
417.154 289.762
415.914 291.542
415.085 293.55
413.636 295.187
412.007 296.633
409.895 297.158
407.761 296.774
406.048 295.443
404.87 293.578
403.709 291.727
402.503 289.896
401.497 287.96
400.33 286.128
399.337 284.214
398.18 282.379
397.06 280.559
395.433 279.069
394.353 277.178
393.332 275.266
391.902 273.606
390.799 271.736
389.85 269.787
389.393 267.69
389.154 265.535
388.583 263.465
387.716 261.479
386.988 259.45
386.709 257.329
386.56 255.196
386.419 253.05
386.277 250.91
386.076 248.775
385.617 246.677
385.12 244.586
384.775 242.463
384.419 240.346
384.095 238.224
383.721 236.106
383.129 234.031
382.548 231.95
381.894 229.883
381.536 227.753
381.106 225.638
380.48 223.549
379.824 221.47
378.958 219.456
378.119 217.424
377.388 215.349
376.606 213.28
375.888 211.179
375.093 209.107
373.872 207.191
373.265 205.011
372.598 202.857
371.449 200.917
370.062 199.091
368.977 197.066
368.314 194.844
367.258 192.815
365.745 191.009
364.748 188.878
363.533 186.879
362.091 185.04
360.681 183.151
359.281 181.222
357.565 179.522
356.128 177.615
354.66 175.705
353.127 173.877
351.326 172.313
349.629 170.623
347.869 169.011
346.199 167.306
344.481 165.669
342.551 164.29
340.66 162.862
338.732 161.514
336.979 159.903
334.711 159.24
332.599 158.239
330.392 157.567
328.172 156.968
326.151 155.89
324.065 155.018
321.889 154.441
319.698 153.949
317.494 153.534
315.269 153.327
313.057 153.105
310.896 152.585
308.693 152.338
306.474 152.251
304.257 152.147
302.046 151.976
299.828 151.894
297.61 151.898
295.394 151.881
293.233 152.337
291.11 153.009
288.93 153.371
286.782 153.887
284.61 154.36
282.437 154.864
280.313 155.594
278.215 156.431
276.062 157.069
273.945 157.835
271.952 158.965
269.857 159.841
267.899 161.011
265.756 161.791
263.749 162.901
261.763 164.035
259.629 164.855
257.634 165.956
255.937 167.527
254.274 169.143
252.39 170.456
250.582 171.895
248.86 173.416
247.148 174.981
245.493 176.661
243.824 178.306
242.23 180.033
240.82 181.907
239.23 183.679
237.717 185.533
236.275 187.418
234.758 189.25
233.447 191.238
232.082 193.161
230.846 195.135
229.594 197.113
228.471 199.176
226.903 200.887
225.502 202.697
224.388 204.699
223.202 206.64
221.931 208.524
221.122 210.605
220.368 212.704
219.674 214.821
218.928 216.912
218.577 219.081
218.424 221.265
218.341 223.438
218.275 225.597
218.195 227.752
218.163 229.894
218.2 232.015
218.25 234.132
218.306 236.242
218.467 238.339
218.911 240.4
219.156 242.482
219.24 244.573
219.184 246.657
218.957 248.735
219.122 250.8
219.528 252.832
219.881 254.866
220.081 256.906
220.168 258.95
220.222 260.987
220.329 263.013
220.467 265.047
220.56 267.079
220.652 269.104
220.739 271.122
220.934 273.137
221.025 275.155
221.085 277.168
221.268 279.171
221.474 281.157
221.529 283.151
221.551 285.149
221.65 287.146
221.979 289.135
222.198 291.138
222.415 293.146
222.675 295.149
222.924 297.153
223.142 299.159
223.284 301.165
223.386 303.17
223.474 305.182
223.515 307.197
223.538 309.209
223.595 311.218
223.744 313.221
224.09 315.208
224.413 317.204
224.528 319.222
224.521 321.24
224.553 323.256
224.646 325.27
224.902 327.27
225.234 329.253
225.385 331.256
225.538 333.265
225.875 335.251
226.471 337.189
226.838 339.175
227.06 341.179
227.02 343.193
226.785 345.216
226.902 347.239
227.271 349.239
227.712 351.229
228.172 353.206
228.546 355.202
228.902 357.202
229.198 359.197
229.377 361.217
229.424 363.243
229.485 365.266
229.692 367.274
230.084 369.259
230.291 371.271
230.538 373.278
230.943 375.256
231.278 377.247
231.456 379.253
231.618 381.271
231.852 383.276
232.213 385.259
232.448 387.264
232.638 389.275
232.944 391.271
233.295 393.242
233.435 395.244
233.541 397.258
233.717 399.268
233.965 401.261
234.263 403.252
234.553 405.25
234.86 407.242
235.159 409.237
235.307 411.247
235.42 413.26
235.498 415.274
235.643 417.296
235.935 419.303
236.252 421.299
236.592 423.287
236.943 425.276
237.06 427.292
237.16 429.308
237.454 431.306
237.889 433.276
238.144 435.274
238.339 437.285
238.638 439.28
238.907 441.293
239.162 443.307
239.349 445.322
239.519 447.337
239.742 449.361
240.12 451.371
240.776 453.308
241.234 455.288
241.479 457.292
241.644 459.302
241.865 461.308
242.102 463.312
242.254 465.324
242.387 467.34
242.54 469.361
242.776 471.374
243.135 473.375
243.601 475.36
244.097 477.337
244.546 479.317
244.897 481.324
245.059 483.352
245.192 485.376
245.537 487.364
246.115 489.307
246.411 491.306
246.698 493.311
247.112 495.286
247.345 497.302
247.493 499.327
247.643 501.35
247.91 503.356
248.578 505.283
249.117 507.244
249.316 509.256
249.48 511.261
249.711 513.261
249.974 515.265
250.296 517.269
250.579 519.276
250.807 521.297
251.091 523.315
251.452 525.324
251.813 527.328
252.183 529.329
252.554 531.331
252.927 533.331
253.244 535.327
253.442 537.344
253.521 539.373
253.641 541.4
254.035 543.391
254.64 545.347
255.038 547.345
255.263 549.381
255.576 551.395
256.003 553.391
256.357 555.409
256.718 557.416
257.233 559.383
257.65 561.374
257.934 563.391
258.266 565.407
258.542 567.431
258.832 569.466
259.326 571.46
259.862 573.444
260.217 575.468
260.499 577.498
260.825 579.525
261.191 581.543
261.639 583.54
262.217 585.517
262.625 587.536
263.025 589.562
263.354 591.587
263.534 593.632
263.834 595.667
264.782 597.526
265.409 599.474
265.744 601.498
266.109 603.515
266.464 605.535
266.813 607.561
267.377 609.544
268.168 611.46
268.856 613.404
269.378 615.391
269.866 617.396
270.225 619.429
270.619 621.455
271.131 623.444
271.466 625.471
271.844 627.492
272.358 629.488
272.867 631.485
273.281 633.493
273.486 635.539
273.747 637.584
274.275 639.584
274.869 641.56
275.501 643.525
276.155 645.484
276.818 647.44
277.317 649.437
277.526 651.488
277.826 653.529
278.453 655.513
279.032 657.515
279.589 659.511
280.103 661.525
280.653 663.523
281.231 665.509
281.507 667.552
281.836 669.591
282.419 671.595
283.032 673.584
283.885 675.494
284.682 677.426
285.218 679.435
285.522 681.488
285.655 683.575
285.922 685.647
286.697 687.621
287.203 689.685
287.751 691.733
288.424 693.743
289.177 695.734
289.689 697.794
290.102 699.876
290.466 701.975
290.949 704.058
291.616 706.116
292.424 708.14
293.049 710.217
293.442 712.354
293.755 714.525
294.229 716.681
295.136 718.726
295.849 720.829
296.869 722.823
297.439 724.984
297.969 727.163
298.853 729.209
300.03 731.121
301 733.139
301.772 735.263
303.138 737.069
304.407 738.913
305.423 740.913
306.568 742.821
308.21 744.366
309.612 746.106
310.948 747.912
312.288 749.68
313.574 751.498
314.963 753.248
316.482 754.849
317.924 756.514
319.635 757.934
321.038 759.672
322.404 761.434
324.173 762.827
325.411 764.625
326.141 766.689
326.346 768.878
326.098 771.07
325.687 773.22
325.296 775.366
324.622 777.427
323.608 779.36
322.668 781.32
322.011 783.382
321.351 785.446
320.48 787.433
319.6 789.407
318.791 791.413
317.849 793.362
317.197 795.398
316.534 797.431
315.804 799.452
314.853 801.394
314.107 803.401
313.594 805.476
313.032 807.553
312.201 809.534
311.341 811.508
310.262 813.394
309.528 815.411
309.029 817.501
308.283 819.506
307.253 821.409
306.383 823.378
305.695 825.423
305.125 827.502
304.121 829.428
303.557 831.495
303.039 833.579
301.876 835.452
301.306 837.548
300.568 839.594
299.578 841.549
298.63 843.524
297.96 845.598
297.268 847.674
296.374 849.675
295.61 851.731
294.976 853.844
293.9 855.821
293.323 857.976
292.673 860.099
292.07 862.237
291.153 864.282
290.154 866.323
289.419 868.46
288.713 870.623
287.8 872.725
287.055 874.896
286.501 877.124
286.373 879.404
287.057 881.606
287.861 883.76
289.233 885.634
290.572 887.54
292.108 889.313
293.578 891.089
295.195 892.765
296.844 894.375
298.596 895.853
300.32 897.433
302.14 898.846
304.094 900.08
306.295 900.686
308.587 900.776
310.873 900.463
313.139 899.929
315.411 899.475
317.618 898.782
319.819 898.087
322.101 897.679
324.413 897.46
326.659 896.956
328.797 896.044
331.018 895.395
333.146 894.45
335.296 893.638
337.493 892.986
339.551 892.013
341.379 890.599
343.273 889.257
344.578 887.375
345.565 885.276
346.699 883.279
348.047 881.411
349.307 879.481
350.135 877.338
350.722 875.119
351.482 872.984
352.572 870.98
353.621 868.967
354.625 866.938
355.767 864.99
357.042 863.098
358.071 861.089
359.195 859.103
359.86 856.924
361.089 854.999
362.036 852.934
363.263 851.017
364.513 849.122
365.555 847.104
366.614 845.082
367.717 843.087
368.704 841.051
369.702 839.031
370.683 836.982
371.758 834.987
372.701 832.94
373.636 830.871
374.512 828.792
375.326 826.69
376.302 824.658
377.592 822.812
379.447 821.593
381.687 821.586
383.718 822.627
385.545 824.005
387.074 825.725
388.588 827.481
390.017 829.327
391.776 830.879
393.504 832.488
395.354 833.962
397.098 835.544
398.586 837.394
400.246 839.084
401.863 840.815
403.725 842.274
405.319 844.011
407.045 845.601
408.545 847.403
410.041 849.18
411.845 850.668
413.315 852.487
415.034 854.032
416.654 855.662
418.065 857.497
419.944 858.854
421.588 860.448
423.397 861.851
425.062 863.428
426.376 865.324
427.982 866.936
429.656 868.484
431.589 869.749
433.242 871.343
434.497 873.299
436.15 874.913
437.766 876.559
439.58 878.018
441.197 879.727
442.601 881.586
444.074 883.408
445.491 885.278
447.318 886.745
449.062 888.273
450.752 889.855
452.437 891.429
453.955 893.169
455.811 894.51
457.778 895.719
459.441 897.338
461.059 898.942
462.49 900.72
463.77 902.606
464.795 904.62
464.682 906.814
463.747 908.888
463.102 911.046
462.168 913.065
461.463 915.153
460.712 917.227
459.993 919.323
458.966 921.274
457.962 923.238
457.378 925.344
456.633 927.386
455.575 929.315
454.79 931.337
454.111 933.407
453.246 935.414
452.258 937.356
451.155 939.245
450.326 941.255
449.7 943.334
449.017 945.39
447.891 947.282
447.293 949.373
446.44 951.375
445.569 953.366
444.871 955.412
444.197 957.465
443.401 959.475
442.432 961.431
441.649 963.457
441.032 965.538
439.991 967.48
439.3 969.558
438.288 971.501
437.544 973.548
436.862 975.623
435.927 977.599
434.823 979.509
434.07 981.556
433.462 983.658
432.614 985.685
431.508 987.606
430.628 989.631
429.734 991.668
429.079 993.798
428.253 995.867
427.143 997.822
426.179 999.847
425.542 1002.02
424.864 1004.19
423.735 1006.17
422.779 1008.25
421.785 1010.34
421.427 1012.61
421.087 1014.89
420.564 1017.16
420.777 1019.45
421.576 1021.61
423.077 1023.45
424.123 1025.56
425.442 1027.48
426.999 1029.23
428.495 1031.05
429.887 1032.91
431.526 1034.55
433.146 1036.24
434.886 1037.78
436.597 1039.35
438.361 1040.84

18

618.753 448.371
617.482 446.458
616.739 444.231
617.117 441.948
617.711 439.895
619.47 439.51
621.357 439.543
623.376 439.542
625.26 439.385
627.278 438.728
628.625 440.305
629.472 442.188
629.446 444.067
628.485 445.869
627.072 447.511
624.974 448.399
622.804 448.479
620.753 448.497

10

639.805 434.259
639.512 432.227
640.429 430.172
641.849 427.975
643.919 426.701
646.124 427.706
647.352 429.561
646.43 431.629
644.49 432.981
642.422 434.524

