CONTOUR

1

1472

692.894 1040.97
695.082 1040.97
697.257 1040.74
699.385 1040.23
701.376 1039.36
703.017 1037.87
704.704 1036.46
706.127 1034.8
707.644 1033.21
709.011 1031.47
710.159 1029.59
711.499 1027.84
712.623 1025.94
713.557 1023.97
714.529 1022.02
715.462 1020.05
716.292 1018.04
716.767 1015.93
717.081 1013.78
717.377 1011.64
717.585 1009.5
717.727 1007.36
717.995 1005.25
718.729 1003.23
719.308 1001.18
719.545 999.051
719.89 996.951
720.647 994.947
721.147 992.903
720.973 990.798
720.904 988.692
721.075 986.603
721.388 984.535
721.765 982.493
722.149 980.468
722.591 978.447
723.066 976.438
723.513 974.42
723.889 972.39
724.202 970.358
724.44 968.318
724.707 966.297
724.981 964.282
725.261 962.265
725.488 960.245
725.698 958.226
725.858 956.197
726.287 954.205
727.006 952.275
727.42 950.282
727.597 948.252
727.762 946.218
728.013 944.184
728.446 942.188
728.732 940.158
728.978 938.119
729.463 936.12
730.003 934.132
730.33 932.1
730.6 930.047
730.988 928.01
731.523 926.001
731.98 923.969
732.261 921.905
732.436 919.824
732.647 917.745
732.949 915.673
733.264 913.601
733.524 911.521
733.707 909.421
733.858 907.304
734.257 905.203
734.836 903.125
735.158 900.995
735.36 898.842
735.54 896.674
735.997 894.55
737.036 892.587
737.678 890.473
738.784 888.581
740.306 886.963
741.748 885.265
743.506 883.891
745.321 882.555
747.139 881.262
748.733 879.664
750.302 878.074
752.049 876.698
753.861 875.339
755.447 873.748
756.8 871.921
758.276 870.257
759.775 868.608
761.523 867.142
763.041 865.484
764.395 863.662
765.763 861.878
767.352 860.284
768.688 858.479
769.925 856.626
771.385 854.91
772.881 853.208
774.178 851.381
775.258 849.415
776.536 847.559
778.041 845.903
780.026 844.894
782.124 844.094
783.966 842.818
785.744 841.447
787.178 839.705
788.441 837.836
789.635 835.951
791.167 834.286
792.278 832.365
793.436 830.469
794.341 828.464
795.264 826.478
796.29 824.553
797.439 822.739
798.836 821.09
800.32 819.55
802.119 818.427
804.187 818.415
805.761 819.785
806.785 821.647
807.273 823.692
807.423 825.798
807.439 827.912
807.421 830.043
807.282 832.171
807.13 834.309
806.826 836.43
806.131 838.475
805.245 840.475
804.65 842.572
804.451 844.761
804.679 846.956
805.563 848.93
807.204 850.368
809.037 851.571
811.036 852.413
813.171 852.847
815.338 853.194
817.529 853.465
819.74 853.537
821.951 853.51
824.159 853.465
826.358 853.448
828.563 853.411
830.759 853.246
832.943 852.928
835.137 852.721
837.301 852.32
839.356 851.489
841.358 850.552
843.35 849.63
845.038 848.209
846.677 846.769
848.076 845.104
848.823 843.081
849.015 840.91
848.941 838.735
848.809 836.569
848.733 834.408
848.73 832.25
848.728 830.095
848.681 827.946
848.588 825.802
848.427 823.666
848.349 821.526
848.514 819.398
848.993 817.334
849.847 815.376
850.476 813.355
850.639 811.251
850.398 809.152
849.841 807.103
849.543 805.006
849.376 802.887
849.111 800.775
848.575 798.706
848.387 796.599
848.601 794.493
849.214 792.463
850.162 790.569
851.354 788.824
852.753 787.203
853.786 785.362
854.762 783.466
855.465 781.453
855.954 779.38
856.347 777.27
856.457 775.13
856.472 772.988
856.36 770.843
856.041 768.716
855.614 766.597
855.101 764.495
854.154 762.503
853.641 760.387
853.324 758.232
853.185 756.038
853.194 753.825
853.513 751.649
854.442 749.671
855.858 747.96
857.153 746.15
858.115 744.126
859.601 742.486
861.085 740.82
862.248 738.927
863.633 737.182
864.987 735.381
866.234 733.508
867.726 731.823
869.022 729.985
870.104 728.002
871.591 726.306
872.847 724.471
873.725 722.426
874.67 720.417
875.976 718.613
877.285 716.814
878.324 714.863
879.567 713.034
880.74 711.164
881.393 709.084
881.735 706.913
882.158 704.754
882.634 702.611
882.859 700.434
882.959 698.253
882.934 696.073
882.72 693.918
882.461 691.785
882.15 689.674
881.749 687.582
881.552 685.472
881.558 683.364
881.48 681.276
881.034 679.242
880.478 677.212
880.042 675.169
879.841 673.102
879.67 671.049
879.35 669.003
878.866 666.99
878.669 664.947
878.668 662.894
878.407 660.872
877.804 658.911
877.475 656.91
877.473 654.884
877.484 652.871
877.377 650.864
877.195 648.856
877.095 646.833
877.019 644.795
876.817 642.769
876.332 640.802
875.533 638.93
874.969 636.99
874.659 634.991
874.417 632.988
874.116 630.999
873.801 629
873.51 626.991
873.272 624.977
873.064 622.962
872.733 620.958
872.314 618.971
872.085 616.962
872.126 614.932
872.114 612.901
871.929 610.877
871.749 608.854
871.523 606.84
871.262 604.848
870.834 602.882
870.456 600.904
869.961 598.946
869.765 596.933
869.763 594.907
869.692 592.89
869.394 590.894
868.981 588.901
868.897 586.878
869.195 584.875
869.333 582.883
869.229 580.884
868.957 578.889
868.734 576.877
868.756 574.852
868.843 572.831
868.805 570.814
868.531 568.814
867.972 566.848
867.785 564.811
867.75 562.765
867.593 560.73
867.281 558.709
866.761 556.7
866.573 554.646
866.856 552.588
866.915 550.536
866.606 548.497
866.198 546.458
865.938 544.401
865.918 542.336
865.94 540.271
865.841 538.204
865.591 536.135
865.185 534.077
865.019 531.996
864.648 529.948
864.064 527.929
863.77 525.862
863.556 523.769
863.067 521.735
862.197 519.805
861.36 517.877
860.786 515.859
860.159 513.839
859.356 511.883
858.133 510.188
856.395 508.986
854.661 507.772
852.848 506.658
851.058 505.499
849.897 503.751
849.489 501.675
849.492 499.549
849.599 497.433
849.749 495.307
849.889 493.18
849.91 491.053
849.789 488.93
849.362 486.838
848.88 484.756
848.462 482.652
847.882 480.596
847.169 478.577
846.061 476.736
845.143 474.812
843.749 473.178
842.442 471.466
841.203 469.716
839.895 468.003
839.349 465.951
839.56 463.805
840.469 461.872
842.076 460.47
843.734 459.089
845.106 457.447
846.02 455.473
847.205 453.633
848.188 451.689
849.237 449.748
849.779 447.626
850.257 445.472
850.79 443.325
851.277 441.165
851.519 438.964
851.465 436.748
851.255 434.54
850.945 432.343
850.574 430.155
850.321 427.96
850.077 425.773
849.573 423.641
848.626 421.662
847.551 419.743
846.556 417.79
845.538 415.856
844.542 413.933
843.426 412.089
842.206 410.304
840.985 408.534
839.3 407.155
837.761 405.607
836.442 403.874
834.935 402.304
833.17 401.042
831.458 399.674
829.637 398.459
827.811 397.286
825.903 396.238
824.026 395.127
822.266 393.859
820.273 393.03
818.378 391.942
816.297 391.393
814.263 390.704
812.176 390.266
810.061 390.011
808.011 389.512
806.201 388.482
805.067 386.72
804.656 384.652
804.709 382.547
804.967 380.466
805.272 378.402
805.618 376.353
806.286 374.373
806.822 372.358
807.273 370.318
807.597 368.261
807.847 366.204
808.216 364.151
808.654 362.11
809.398 360.152
810.049 358.17
810.343 356.112
810.441 354.025
810.51 351.928
810.586 349.837
810.607 347.742
810.59 345.643
810.506 343.54
810.386 341.426
810.274 339.307
810.098 337.19
809.765 335.083
809.58 332.948
809.509 330.789
809.333 328.629
808.874 326.497
808.409 324.364
807.985 322.213
807.683 320.037
807.414 317.859
806.837 315.732
805.894 313.709
805.229 311.589
804.341 309.569
803.123 307.712
801.779 305.939
800.25 304.313
798.525 302.897
797.023 301.192
795.394 299.632
793.576 298.298
791.568 297.226
789.773 295.814
787.92 294.517
785.864 293.558
783.732 292.744
781.772 291.58
779.766 290.521
777.597 289.886
775.403 289.31
773.295 288.465
771.135 287.784
768.886 287.46
766.647 287.065
764.4 286.715
762.132 286.526
760.994 286.495
759.856 286.464
757.579 286.467
755.305 286.595
753.06 286.965
750.824 287.363
748.581 287.7
746.411 288.368
744.291 289.181
742.17 290.004
740.106 290.936
738.149 292.123
736.103 293.112
734.099 294.132
732.263 295.448
730.383 296.713
728.395 297.77
726.602 299.128
724.867 300.572
723.13 302.004
721.562 303.655
719.932 305.238
718.214 306.716
716.644 308.327
715.019 309.877
713.587 311.647
712.029 313.287
710.312 314.755
708.688 316.319
707.042 317.858
705.617 319.638
704.048 321.273
702.378 322.793
700.82 324.42
699.264 326.047
697.86 327.845
696.469 329.615
695.007 331.368
693.215 332.737
691.102 333.522
688.833 333.649
686.703 332.961
684.816 331.688
682.93 330.42
681.052 329.16
679.385 327.563
677.548 326.217
675.512 325.238
673.44 324.34
671.485 323.197
669.592 321.936
667.5 321.098
665.556 319.954
663.51 319.059
661.595 317.874
659.531 317.06
657.483 316.211
655.557 315.094
653.647 313.958
651.533 313.341
649.484 312.583
647.495 311.655
645.449 310.895
643.392 310.203
641.35 309.475
639.404 308.501
637.428 307.643
635.431 306.86
633.381 306.285
631.339 305.693
629.28 305.175
627.337 304.288
625.365 303.524
623.314 303.059
621.275 302.512
619.216 302.09
617.199 301.554
615.23 300.862
613.235 300.347
611.262 299.759
609.315 299.086
607.409 298.306
605.473 297.629
603.665 296.68
602.405 295.081
601.896 293.096
601.853 291.051
602.057 289.02
602.516 287.031
603.121 285.069
603.874 283.146
604.382 281.162
604.5 279.119
604.498 277.067
604.562 275.014
604.723 272.967
605.141 270.947
605.453 268.898
605.662 266.842
605.773 264.777
605.775 262.701
605.788 260.603
605.827 258.493
605.817 256.371
605.805 254.245
605.812 252.112
605.755 249.975
605.607 247.843
605.31 245.728
604.829 243.643
604.272 241.563
603.675 239.486
603.097 237.394
602.523 235.295
602.022 233.173
601.591 231.027
601.059 228.894
599.938 226.97
598.81 225.053
597.716 223.104
597.061 220.947
596.118 218.928
594.76 217.137
593.469 215.284
592.062 213.502
590.653 211.74
589.208 209.975
587.323 208.706
585.631 207.207
583.839 205.817
581.778 204.91
579.767 203.891
577.783 202.795
575.68 201.988
573.542 201.287
571.428 200.501
569.281 199.813
567.05 199.539
564.793 199.428
562.542 199.377
560.29 199.353
558.04 199.39
555.803 199.626
553.604 200.114
551.419 200.663
549.252 201.205
547.039 201.508
544.864 201.965
542.813 202.829
540.774 203.705
538.723 204.528
536.625 205.157
534.526 205.749
532.604 206.8
530.615 207.679
528.763 208.817
526.812 209.741
524.846 210.645
523.005 211.798
521.189 212.958
519.314 214.054
517.718 215.541
516.406 217.325
514.739 218.773
513.176 220.33
511.422 221.72
509.968 223.407
508.932 225.389
507.835 227.327
506.688 229.251
505.795 231.305
504.86 233.326
503.592 235.178
502.463 237.108
501.62 239.161
501.143 241.324
500.624 243.473
500.055 245.607
499.413 247.717
498.677 249.787
497.926 251.847
496.934 253.766
495.486 255.425
494.001 257.046
492.89 258.869
491.988 260.819
491.11 262.761
490.592 264.805
490.278 266.889
489.633 268.867
488.341 270.484
486.552 271.496
484.535 271.866
482.469 271.844
480.427 271.567
478.394 271.286
476.357 271.117
474.318 270.947
472.274 270.826
470.233 270.817
468.195 270.771
466.157 270.7
464.12 270.619
462.093 270.494
460.067 270.346
458.049 270.128
456.062 269.688
454.111 269.158
452.146 268.674
450.176 268.173
448.207 267.675
446.206 267.365
444.186 267.202
442.167 267.051
440.152 266.879
438.138 266.743
436.122 266.625
434.105 266.54
432.09 266.598
430.088 266.865
428.078 266.983
426.065 266.936
424.064 266.7
422.066 266.408
420.054 266.337
418.039 266.337
416.024 266.344
414.01 266.323
411.997 266.313
409.983 266.316
407.969 266.358
405.953 266.47
403.936 266.592
401.918 266.724
399.898 266.873
397.881 267.027
395.864 267.002
393.845 267.006
391.821 266.951
389.788 266.774
387.752 266.813
385.716 266.939
383.677 267.047
381.63 267.11
379.58 267.122
377.528 267.137
375.476 267.229
373.43 267.449
371.398 267.787
369.385 268.197
367.406 268.761
365.395 269.236
363.338 269.404
361.287 269.598
359.276 270.072
357.285 270.634
355.275 271.14
353.29 271.719
351.431 272.695
349.453 273.305
347.403 273.636
345.363 274.041
343.363 274.639
341.379 275.282
339.456 276.112
337.494 276.828
335.51 277.471
333.541 278.184
331.532 278.792
329.501 279.308
327.493 279.928
325.574 280.832
323.549 281.377
321.449 281.628
319.327 281.648
317.397 280.849
316.091 279.17
315.142 277.219
314.267 275.231
313.384 273.241
312.241 271.34
311.315 269.343
310.292 267.387
309.554 265.309
308.634 263.313
307.275 261.547
306.128 259.679
305.133 257.734
303.857 255.983
302.247 254.556
300.976 252.877
299.806 251.127
298.296 249.7
296.652 248.42
295.06 247.059
293.447 245.707
291.673 244.581
289.797 243.573
287.918 242.532
285.931 241.717
283.812 241.269
281.714 240.667
279.625 239.949
277.426 239.706
275.214 239.582
272.997 239.536
270.771 239.495
268.551 239.471
266.333 239.518
264.124 239.688
261.931 240.069
259.722 240.312
257.519 240.557
255.352 241.015
253.179 241.392
250.989 241.692
248.827 242.135
246.692 242.691
244.605 243.397
242.587 244.312
240.54 245.124
238.574 246.052
236.93 247.493
235.546 249.22
233.961 250.755
232.805 252.595
231.627 254.435
230.618 256.372
229.673 258.323
228.891 260.355
227.756 262.219
226.811 264.152
226.274 266.238
225.875 268.351
225.641 270.486
225.466 272.63
225.417 274.774
225.408 276.912
225.393 279.043
225.406 281.165
225.411 283.281
225.405 285.391
225.373 287.495
225.351 289.581
225.348 291.661
225.353 293.738
225.374 295.81
225.386 297.875
225.385 299.937
225.41 301.996
225.553 304.05
225.627 306.11
225.633 308.169
225.627 310.228
225.653 312.285
225.797 314.337
226.057 316.377
226.315 318.416
226.539 320.459
226.692 322.513
226.91 324.559
227.342 326.568
228.009 328.531
228.398 330.56
228.92 332.562
229.426 334.562
229.935 336.555
230.422 338.554
230.943 340.549
231.395 342.555
231.918 344.54
232.892 346.387
233.385 348.386
233.801 350.403
234.552 352.327
235.323 354.249
236.041 356.189
236.5 358.194
236.999 360.182
237.326 362.207
237.617 364.243
238.028 366.259
238.607 368.246
239.118 370.264
239.733 372.254
240.519 374.172
241.219 376.121
241.608 378.151
241.937 380.177
242.326 382.199
242.831 384.203
243.388 386.203
243.991 388.192
244.377 390.223
244.665 392.268
245.132 394.278
245.554 396.302
245.973 398.315
246.526 400.293
247.059 402.298
247.518 404.314
248.062 406.292
248.762 408.241
249.3 410.228
249.553 412.27
249.894 414.307
250.619 416.259
251.331 418.208
252.003 420.17
252.472 422.184
252.991 424.18
253.347 426.205
253.662 428.239
254.119 430.234
254.843 432.162
255.377 434.16
255.841 436.177
256.259 438.2
256.722 440.2
257.186 442.216
257.447 444.256
257.719 446.295
258.331 448.267
259.093 450.194
259.86 452.121
260.38 454.112
260.663 456.153
261.071 458.177
261.518 460.188
261.993 462.18
262.651 464.126
263.17 466.122
263.44 468.159
263.709 470.204
264.136 472.208
264.816 474.169
265.152 476.207
265.41 478.247
265.733 480.268
266.13 482.273
266.607 484.267
267.132 486.249
267.69 488.226
268.226 490.221
268.727 492.218
269.226 494.207
269.8 496.178
270.27 498.17
270.6 500.194
271.016 502.206
271.448 504.206
271.745 506.234
272.106 508.255
272.693 510.211
273.364 512.141
273.689 514.147
273.929 516.173
274.26 518.188
274.743 520.169
275.201 522.17
275.583 524.19
275.938 526.206
276.303 528.214
276.672 530.232
277.066 532.238
277.405 534.246
277.867 536.233
278.309 538.215
278.519 540.247
278.891 542.258
279.341 544.243
279.667 546.259
280.193 548.228
280.722 550.196
281.279 552.151
281.52 554.173
281.707 556.198
281.921 558.212
282.213 560.22
282.8 562.179
283.544 564.09
284.104 566.044
284.398 568.053
284.67 570.061
285.125 572.044
285.47 574.041
285.8 576.039
286.054 578.056
286.203 580.081
286.375 582.101
286.761 584.086
287.092 586.088
287.252 588.103
287.409 590.119
287.772 592.108
288.146 594.089
288.382 596.085
288.604 598.084
289 600.059
289.205 602.066
289.329 604.076
289.472 606.083
289.719 608.078
289.967 610.081
290.224 612.081
290.485 614.073
290.864 616.042
291.115 618.032
291.241 620.031
291.375 622.03
291.67 624.01
291.926 626.003
292.048 628.005
292.158 630.002
292.394 631.989
292.558 634.01
292.651 636.03
292.761 638.043
292.91 640.049
292.992 642.059
293.006 644.075
293.078 646.094
293.249 648.112
293.357 650.131
293.44 652.149
293.54 654.167
293.812 656.165
294.043 658.162
294.22 660.166
294.5 662.159
294.923 664.128
295.144 666.135
295.257 668.152
295.414 670.163
295.707 672.157
295.984 674.147
296.208 676.145
296.386 678.15
296.643 680.146
297.015 682.144
297.168 684.155
297.272 686.161
297.445 688.154
297.563 690.146
297.681 692.144
297.899 694.139
298.232 696.123
298.503 698.121
298.771 700.12
299.017 702.123
299.251 704.13
299.597 706.134
300.025 708.119
300.267 710.117
300.472 712.113
300.602 714.121
300.712 716.129
300.911 718.123
301.393 720.079
301.689 722.069
301.848 724.07
302.014 726.069
302.253 728.057
302.406 730.049
302.49 732.042
302.53 734.04
302.577 736.042
302.608 738.057
302.707 740.07
302.962 742.066
303.271 744.049
303.449 746.061
303.616 748.075
303.826 750.085
304.107 752.088
304.159 754.103
304.248 756.105
304.417 758.101
304.547 760.108
304.896 762.105
305.097 764.113
305.123 766.133
305.126 768.148
305.168 770.164
305.241 772.174
305.322 774.182
305.504 776.184
305.605 778.2
305.642 780.219
305.677 782.237
305.739 784.259
305.779 786.292
305.866 788.325
306.002 790.36
306.215 792.393
306.334 794.441
306.43 796.497
306.633 798.548
307.094 800.571
307.447 802.619
307.701 804.681
307.855 806.755
308.028 808.836
308.362 810.908
308.766 812.978
309.126 815.051
309.321 817.156
309.414 819.275
309.517 821.4
309.82 823.505
310.45 825.548
311.025 827.605
311.383 829.719
311.896 831.795
312.764 833.776
313.576 835.757
314.773 837.528
316.153 839.19
317.664 840.671
319.437 841.847
321.224 843.008
323.047 844.07
325.019 844.779
327.045 845.327
329.11 845.711
331.135 846.259
333.11 847.022
335.165 847.413
337.23 847.654
339.311 847.8
341.33 848.187
343.224 849.034
345.021 850.078
346.19 851.726
346.536 853.725
346.517 855.757
346.364 857.772
346.133 859.778
345.916 861.782
345.813 863.791
345.715 865.799
345.582 867.804
345.461 869.807
345.319 871.805
345.222 873.817
345.054 875.825
344.664 877.812
344.312 879.802
344.082 881.809
343.777 883.795
343.574 885.791
343.375 887.789
343.222 889.803
343.071 891.816
342.894 893.828
342.644 895.832
342.448 897.832
342.28 899.836
342.068 901.83
341.67 903.802
341.459 905.801
341.39 907.816
341.278 909.829
340.996 911.828
340.704 913.819
340.49 915.827
340.322 917.845
340.229 919.871
340.127 921.885
339.914 923.897
339.475 925.875
338.845 927.81
338.511 929.795
338.393 931.809
338.299 933.831
338.103 935.849
337.939 937.87
337.863 939.897
337.761 941.925
337.542 943.946
337.389 945.969
337.294 948.003
337.13 950.044
336.673 952.053
336.345 954.083
336.029 956.121
335.783 958.17
335.592 960.227
335.456 962.294
335.378 964.369
335.286 966.448
334.996 968.505
334.61 970.563
334.356 972.649
334.046 974.73
333.668 976.8
333.562 978.901
333.515 981.014
333.352 983.123
333.08 985.241
332.983 987.369
333.023 989.505
333.272 991.623
334.178 993.522
335.751 994.975
337.603 996.127
339.641 996.855
341.771 997.249
343.931 997.557
346.12 997.744
348.314 997.887
350.501 998.127
352.65 998.653
354.806 999.132
356.99 999.394
359.199 999.619
361.396 999.935
363.606 1000.15
365.82 1000.37
368.031 1000.62
370.237 1000.88
372.454 1000.99
374.675 1000.95
376.893 1000.7
379.061 1000.2
381.158 999.477
382.991 998.224
384.718 996.808
386.138 995.111
387.475 993.346
388.826 991.567
390.326 989.948
391.883 988.375
393.149 986.56
393.778 984.445
394.271 982.293
394.759 980.149
395.301 978.025
395.719 975.895
396.088 973.764
396.492 971.649
396.9 969.544
397.257 967.439
397.531 965.324
397.769 963.196
398.275 961.124
398.985 959.103
399.244 957
399.425 954.895
399.599 952.8
399.853 950.713
400.219 948.655
400.546 946.591
400.9 944.539
401.347 942.506
401.539 940.447
401.641 938.383
401.876 936.341
402.376 934.354
402.666 932.336
402.985 930.318
403.357 928.312
403.56 926.288
403.655 924.255
403.792 922.217
404.164 920.211
404.76 918.255
405.105 916.257
405.341 914.246
405.523 912.231
405.712 910.224
405.814 908.207
405.98 906.188
406.474 904.21
406.927 902.242
407.189 900.251
407.344 898.25
407.548 896.259
408.011 894.308
408.346 892.33
408.512 890.333
408.768 888.356
409.126 886.4
409.384 884.434
409.62 882.468
409.792 880.5
409.962 878.533
410.268 876.578
410.628 874.622
410.897 872.657
411.023 870.687
411.167 868.73
411.415 866.779
411.755 864.832
412.308 862.931
413.205 861.175
414.713 859.882
416.488 859.021
418.443 858.906
420.398 859.194
422.353 859.509
424.315 859.715
426.272 859.875
428.217 860.17
430.169 860.467
432.121 860.783
434.079 861.058
436.049 861.278
438.025 861.433
439.992 861.65
441.964 861.894
443.857 862.565
445.764 863.213
447.766 863.34
449.769 863.362
451.77 863.491
453.773 863.678
455.769 863.934
457.753 864.268
459.741 864.615
461.753 864.821
463.777 864.923
465.795 865.062
467.805 865.245
469.81 865.438
471.802 865.709
473.787 865.886
475.786 865.989
477.785 866.224
479.768 866.608
481.747 866.99
483.728 867.376
485.727 867.64
487.744 867.736
489.759 867.919
491.747 868.324
493.73 868.738
495.736 868.98
497.744 869.113
499.756 869.209
501.77 869.323
503.776 869.558
505.789 869.735
507.806 869.853
509.8 870.135
511.758 870.631
513.755 870.972
515.755 871.243
517.771 871.411
519.792 871.581
521.807 871.76
523.823 871.879
525.841 871.942
527.851 872.056
529.841 872.33
531.828 872.651
533.819 872.954
535.794 873.342
537.789 873.525
539.795 873.592
541.804 873.636
543.806 873.786
545.797 874.056
547.775 874.47
549.76 874.867
551.752 875.211
553.751 875.538
555.75 875.873
557.762 876.067
559.787 875.952
561.8 875.942
563.792 876.206
565.757 876.654
567.692 877.281
569.684 877.587
571.705 877.653
573.729 877.688
575.745 877.817
577.691 878.327
579.557 879.143
581.542 879.522
583.577 879.704
585.611 879.894
587.632 880.202
589.588 880.817
591.577 881.293
593.606 881.525
595.643 881.702
597.645 882.085
599.588 882.753
601.56 883.309
603.593 883.54
605.646 883.42
607.692 883.446
609.702 883.811
611.686 884.279
613.684 884.602
615.694 884.733
617.717 884.535
619.744 884.411
621.743 884.728
623.72 885.11
625.721 885.253
627.73 885.263
629.736 885.236
631.741 885.149
633.739 885.212
635.724 885.423
637.707 885.588
639.689 885.634
641.664 885.628
643.64 885.65
645.618 885.684
647.594 885.777
649.551 885.991
651.428 886.624
653.327 887.161
655.289 887.295
657.249 887.322
659.2 887.413
661.144 887.5
663.086 887.573
664.981 887.889
666.579 889.049
668.218 890.154
669.37 891.715
669.697 893.617
669.643 895.56
669.56 897.508
669.51 899.462
669.439 901.421
669.249 903.378
668.923 905.306
668.627 907.25
668.295 909.206
667.811 911.138
667.28 913.059
666.945 915.022
666.786 917.008
666.677 918.999
666.571 920.99
666.475 922.984
666.4 924.98
666.351 926.978
666.222 928.966
665.99 930.948
665.716 932.928
665.502 934.918
665.288 936.904
665.151 938.904
664.834 940.888
664.338 942.847
664.051 944.846
663.755 946.843
663.527 948.845
663.343 950.847
662.972 952.814
662.617 954.802
662.341 956.803
661.99 958.79
661.626 960.78
661.494 962.798
661.435 964.825
661.336 966.85
661.06 968.85
660.688 970.839
660.285 972.833
659.911 974.831
659.476 976.821
659.094 978.823
658.84 980.846
658.713 982.879
658.621 984.907
658.373 986.922
658.022 988.931
657.725 990.943
657.491 992.975
657.328 995.022
657.147 997.072
656.772 999.102
656.447 1001.15
656.185 1003.21
655.845 1005.27
655.474 1007.32
655.024 1009.36
654.548 1011.4
654.167 1013.46
653.759 1015.52
653.511 1017.6
653.421 1019.7
653.32 1021.81
653.079 1023.91
652.819 1026.02
652.732 1028.15
652.95 1030.27
653.641 1032.24
655.081 1033.79
656.909 1034.88
658.837 1035.78
660.859 1036.45
662.924 1036.94
665.013 1037.38
667.135 1037.63
669.268 1037.83
671.372 1038.24
673.489 1038.66
675.602 1039.11
677.731 1039.46
679.878 1039.7
682.044 1039.88
684.19 1040.23
686.344 1040.61
688.523 1040.78
690.707 1040.89

