CONTOUR

1

1498

545.546 1048.81
547.758 1048.99
549.982 1048.99
552.202 1048.87
554.409 1048.54
556.611 1048.16
558.819 1047.79
561.026 1047.48
563.195 1046.96
565.231 1045.98
567.373 1045.45
569.543 1044.98
571.624 1044.2
573.695 1043.4
575.814 1042.77
577.958 1042.19
580.063 1041.54
582.186 1040.99
584.275 1040.3
586.323 1039.48
588.233 1038.37
590.093 1037.18
591.232 1035.35
591.736 1033.25
591.81 1031.03
591.783 1028.83
591.737 1026.62
591.485 1024.44
590.786 1022.38
589.783 1020.44
589.158 1018.37
588.535 1016.3
588.003 1014.21
587.346 1012.17
586.566 1010.16
585.971 1008.11
585.646 1006.01
585.475 1003.9
585.203 1001.8
584.486 999.803
583.839 997.793
583.333 995.743
582.708 993.74
582 991.763
581.478 989.734
581.136 987.68
580.733 985.643
580.383 983.591
579.948 981.553
579.234 979.592
578.44 977.657
577.864 975.662
577.607 973.607
577.456 971.535
577.189 969.472
576.546 967.48
576.019 965.457
575.397 963.468
574.769 961.486
574.255 959.471
573.775 957.455
573.533 955.404
573.266 953.351
572.756 951.326
572.189 949.322
571.5 947.362
570.797 945.413
570.145 943.45
569.693 941.433
569.493 939.368
568.985 937.387
567.891 935.605
567.025 933.725
565.93 931.964
565.466 929.964
565.096 927.942
564.404 926.011
563.67 924.093
562.972 922.163
562.531 920.176
562.283 918.167
562.092 916.157
561.952 914.147
561.731 912.156
561.417 910.185
561.106 908.213
560.411 906.329
559.907 904.4
559.813 902.419
559.734 900.438
559.566 898.461
559.659 896.492
560.391 894.683
561.77 893.273
563.532 892.376
565.424 891.757
567.337 891.2
569.282 890.763
571.234 890.34
573.187 889.913
575.127 889.466
577.011 888.767
578.957 888.276
580.951 887.924
582.95 887.543
584.914 887.096
586.754 886.173
588.712 885.648
590.742 885.393
592.763 885.092
594.78 884.787
596.804 884.46
598.824 884.047
600.746 883.301
602.607 882.364
604.587 881.748
606.624 881.334
608.594 880.692
610.578 880.12
612.638 879.862
614.671 879.437
616.601 878.666
618.53 877.89
620.579 877.582
622.629 877.26
624.664 876.826
626.664 876.263
628.568 875.394
630.474 874.529
632.44 873.831
634.505 873.534
636.564 873.22
638.518 872.485
640.466 871.74
642.516 871.289
644.481 870.557
646.461 869.893
648.535 869.677
650.603 869.438
652.586 868.855
654.461 867.926
656.422 867.237
658.415 866.632
660.426 866.114
662.476 865.738
664.499 865.264
666.373 864.325
668.32 863.586
670.316 863.002
672.327 862.429
674.321 861.82
676.385 861.579
678.462 861.398
680.508 861.048
682.472 860.359
684.392 859.529
686.351 858.814
688.327 858.134
690.379 857.739
692.452 857.513
694.491 857.139
696.442 856.386
698.434 855.778
700.467 855.317
702.425 854.626
704.345 853.808
706.368 853.337
708.403 852.968
710.428 852.546
712.423 851.986
714.396 851.302
716.344 850.538
718.324 849.901
720.331 849.365
722.338 848.851
724.355 848.372
726.362 847.852
728.348 847.252
730.324 846.59
732.296 845.892
734.33 845.481
736.378 845.196
738.39 844.702
740.276 843.793
742.204 843.018
744.222 842.588
746.258 842.241
748.248 841.717
750.244 841.191
752.202 840.497
754.185 839.857
756.193 839.306
758.169 838.645
760.167 838.128
762.178 837.734
764.21 837.455
766.196 836.934
768.109 836.135
770.08 835.524
772.052 834.932
774.05 834.49
775.993 833.856
777.958 833.245
779.951 832.743
781.951 832.281
783.942 831.818
785.92 831.323
787.875 830.717
789.847 830.218
791.773 829.574
793.743 829.065
795.722 828.629
797.742 828.387
799.754 828.674
801.603 829.553
802.968 831.048
803.832 832.886
804.399 834.834
805.07 836.754
805.522 838.715
805.934 840.686
806.402 842.656
806.758 844.654
807.21 846.635
807.705 848.604
808.436 850.521
809.103 852.456
809.432 854.468
809.758 856.479
810.142 858.477
810.613 860.468
811.189 862.437
811.85 864.394
812.332 866.402
812.897 868.39
813.434 870.377
813.944 872.375
814.506 874.373
815.129 876.348
815.515 878.384
816.162 880.356
816.828 882.324
817.287 884.349
817.614 886.401
817.909 888.465
818.51 890.468
819.385 892.39
820.072 894.37
820.519 896.42
821.059 898.452
821.591 900.481
822.245 902.476
822.982 904.46
823.35 906.542
823.617 908.656
824.056 910.748
824.749 912.774
825.384 914.813
825.79 916.923
826.39 918.998
827.016 921.075
827.392 923.221
827.823 925.374
828.201 927.555
828.548 929.751
828.912 931.942
829.551 934.037
830.713 935.944
831.73 937.933
832.834 939.894
833.511 942.02
834.161 944.158
835.064 946.217
836.327 948.11
837.689 949.922
839.327 951.551
841.043 953.081
842.783 954.557
844.512 956.051
846.161 957.63
847.918 959.087
849.97 960.083
852.046 961.094
854.299 961.308
856.554 960.973
858.778 960.446
860.992 959.916
863.24 959.588
865.484 959.287
867.7 958.836
869.9 958.325
872.091 957.808
874.315 957.449
876.533 957.038
878.705 956.391
880.865 955.752
882.96 954.934
885.087 954.237
887.245 953.681
889.371 953.081
891.282 951.951
893.169 950.795
894.771 949.312
896.084 947.579
896.591 945.48
896.522 943.301
896.22 941.127
895.976 938.954
895.49 936.828
894.588 934.841
893.843 932.811
893.598 930.658
893.321 928.519
892.859 926.417
892.508 924.309
892.104 922.216
891.522 920.169
890.867 918.143
890.51 916.058
890.253 913.964
889.793 911.923
889.169 909.906
888.849 907.83
888.531 905.759
887.923 903.755
887.534 901.712
887.229 899.653
886.472 897.717
885.77 895.771
885.428 893.741
885.18 891.695
884.827 889.668
884.403 887.66
883.96 885.651
883.428 883.663
882.778 881.704
882.16 879.734
881.734 877.723
881.6 875.668
881.469 873.611
881.11 871.587
880.523 869.612
879.965 867.637
879.605 865.613
879.226 863.599
878.521 861.668
877.899 859.701
877.62 857.653
877.271 855.629
876.868 853.621
876.609 851.588
876.345 849.55
875.92 847.536
875.328 845.557
874.689 843.593
874.122 841.612
873.57 839.631
873.055 837.64
872.847 835.595
872.599 833.555
871.987 831.587
871.525 829.58
871.273 827.524
870.885 825.502
870.282 823.519
869.74 821.515
869.488 819.453
869.238 817.388
868.822 815.35
868.102 813.376
867.664 811.334
868.145 809.323
869.387 807.631
871.106 806.405
872.995 805.473
874.939 804.719
876.969 804.183
878.965 803.495
880.838 802.495
882.754 801.613
884.753 800.899
886.67 799.934
888.548 798.873
890.323 797.669
892.092 796.437
893.678 794.962
895.312 793.567
896.589 791.845
897.537 789.939
897.912 787.866
898.03 785.741
898.191 783.617
898.335 781.495
898.368 779.372
898.367 777.253
898.364 775.138
898.363 773.029
898.363 770.925
898.359 768.826
898.349 766.733
898.347 764.643
898.339 762.558
898.266 760.482
898.079 758.415
897.979 756.35
897.913 754.291
897.768 752.246
897.549 750.221
897.467 748.194
897.419 746.168
897.312 744.145
897.05 742.129
896.959 740.104
896.962 738.079
897.002 736.057
897.028 734.04
896.966 732.025
896.909 730.009
896.858 727.996
896.798 725.988
896.664 723.99
896.497 721.995
896.333 720
896.105 718.007
896.019 716.005
896 714
895.969 711.997
895.91 709.994
895.897 707.991
895.896 705.988
895.887 703.985
895.867 701.985
895.863 699.986
895.864 697.986
895.874 695.987
895.894 693.984
895.897 691.981
895.9 689.978
895.93 687.975
895.995 685.972
896.019 683.969
896.021 681.965
896.017 679.961
896.012 677.956
896.012 675.952
896.043 673.947
896.152 671.946
896.296 669.952
896.338 667.956
896.313 665.96
896.163 663.969
895.907 661.979
895.854 659.977
895.862 657.972
895.897 655.967
895.942 653.953
895.917 651.94
895.853 649.932
895.795 647.926
895.707 645.925
895.597 643.929
895.503 641.934
895.389 639.934
895.298 637.941
895.28 635.947
895.27 633.953
895.196 631.961
895.047 629.965
894.994 627.964
894.97 625.962
894.856 623.963
894.689 621.971
894.66 619.973
894.668 617.974
894.713 615.975
894.807 613.98
894.826 611.982
894.825 609.985
894.851 607.987
894.955 605.989
894.984 603.988
894.985 601.986
894.983 599.984
894.982 597.982
894.982 595.979
894.982 593.977
894.983 591.974
894.985 589.97
894.987 587.967
894.967 585.964
894.854 583.963
894.712 581.959
894.759 579.954
894.879 577.958
895.038 575.97
895.199 573.98
895.237 571.984
895.236 569.987
895.233 567.99
895.235 565.993
895.239 563.996
895.227 561.998
895.113 560.005
894.871 558.014
894.818 556.011
894.821 554.006
894.825 552.001
894.825 549.996
894.824 547.991
894.823 545.986
894.836 543.98
894.905 541.983
894.919 539.984
894.932 537.986
895.042 535.99
895.257 533.997
895.309 531.993
895.318 529.988
895.398 527.985
895.576 525.991
895.708 523.993
895.81 521.989
895.976 519.989
896.345 518.01
896.609 516.014
896.807 514.007
897.076 512.011
897.38 510.022
897.469 508.017
897.509 506.011
897.603 504.007
897.844 502.02
897.922 500.02
897.949 498.011
898.106 496.005
898.383 494.023
898.572 492.029
898.779 490.029
899.064 488.036
899.375 486.052
899.487 484.045
899.585 482.032
899.803 480.028
900.348 478.074
900.703 476.083
901.007 474.084
901.167 472.077
901.238 470.066
901.355 468.056
901.508 466.046
901.757 464.042
902.268 462.097
902.518 460.103
902.754 458.099
903.067 456.1
903.406 454.101
903.58 452.086
903.721 450.067
903.907 448.044
904.311 446.072
904.691 444.083
904.969 442.075
905.258 440.072
905.539 438.078
905.865 436.084
906.322 434.11
906.616 432.116
906.902 430.118
907.118 428.104
907.358 426.087
907.691 424.083
908.216 422.121
908.603 420.129
908.98 418.13
909.3 416.129
909.585 414.123
909.813 412.101
910.264 410.105
911.003 408.176
911.479 406.2
911.7 404.164
911.858 402.127
912.322 400.147
913.11 398.244
913.38 396.237
913.48 394.214
913.616 392.205
913.904 390.209
914.303 388.218
914.766 386.224
915.259 384.234
915.567 382.226
915.713 380.204
915.895 378.18
916.353 376.201
916.974 374.253
917.266 372.244
917.427 370.212
917.66 368.192
918.149 366.214
918.448 364.205
918.695 362.174
919.071 360.157
919.404 358.15
919.568 356.112
919.754 354.087
920.253 352.114
921.067 350.226
921.359 348.223
921.459 346.194
921.545 344.167
921.696 342.146
922.098 340.153
922.58 338.17
923.01 336.188
923.526 334.227
923.731 332.215
923.938 330.196
924.397 328.207
925.02 326.253
925.336 324.244
925.514 322.208
925.79 320.185
926.483 318.251
927.044 316.281
927.378 314.254
927.644 312.214
928.192 310.245
928.571 308.235
928.78 306.201
929.086 304.186
929.399 302.195
929.525 300.182
929.674 298.152
929.937 296.125
930.484 294.145
930.947 292.146
931.358 290.14
931.591 288.117
931.718 286.079
931.755 284.036
931.588 282.002
931.247 279.984
930.86 277.978
930.468 275.967
930.06 273.959
929.761 271.938
929.615 269.9
929.584 267.855
929.584 265.807
929.602 263.758
929.619 261.709
929.598 259.657
929.547 257.599
929.378 255.544
929.079 253.499
928.866 251.445
928.631 249.387
928.212 247.347
927.745 245.307
927.491 243.23
927.259 241.133
927.03 239.032
926.127 237.086
925.71 235.008
925.463 232.895
925.165 230.792
924.801 228.698
924.412 226.596
923.954 224.499
923.39 222.41
922.812 220.313
922.239 218.209
921.654 216.108
920.88 214.053
920.223 211.957
919.692 209.82
919.004 207.732
917.57 206
916.395 204.108
915.041 202.338
913.301 200.971
911.539 199.57
909.715 198.25
907.697 197.315
905.551 196.684
903.35 196.218
901.162 195.634
898.964 195.058
896.74 194.652
894.493 194.446
892.233 194.394
889.971 194.4
887.708 194.464
885.448 194.624
883.194 194.894
880.973 195.365
878.795 196.035
876.597 196.569
874.439 197.253
872.319 198.044
870.4 199.27
868.44 200.396
866.522 201.586
864.768 203.007
863.061 204.516
861.191 205.854
859.425 207.332
857.632 208.765
855.98 210.331
854.548 212.109
853.061 213.82
851.556 215.547
850.107 217.312
848.939 219.225
847.583 221.031
846.341 222.906
845.295 224.853
844.279 226.794
843.153 228.689
842.271 230.681
841.323 232.621
840.328 234.538
839.484 236.517
838.573 238.441
837.625 240.338
837.026 242.361
836.168 244.262
834.536 245.554
832.67 246.501
830.621 246.789
828.559 246.639
826.514 246.366
824.478 246.057
822.466 245.612
820.425 245.44
818.376 245.385
816.339 245.225
814.324 244.855
812.292 244.658
810.254 244.539
808.218 244.375
806.193 244.133
804.165 243.922
802.134 243.757
800.097 243.784
798.076 243.98
796.052 244.041
794.028 244.04
792.005 244.027
789.979 244.02
787.954 244.017
785.929 243.982
783.909 243.849
781.881 243.788
779.865 244.007
777.859 244.244
775.856 244.45
773.86 244.708
771.872 245.014
769.881 245.296
767.894 245.619
765.926 246.063
763.922 246.139
761.917 246.088
759.912 246.026
757.913 246.003
755.914 246.102
753.916 246.235
751.914 246.32
749.908 246.322
747.9 246.317
745.892 246.313
743.884 246.299
741.874 246.276
739.864 246.271
737.852 246.271
735.839 246.278
733.826 246.296
731.812 246.334
729.797 246.397
727.786 246.555
725.785 246.843
723.778 247.087
721.767 247.235
719.757 247.347
717.743 247.494
715.721 247.596
713.693 247.713
711.668 247.91
709.655 248.159
707.635 248.36
705.611 248.537
703.597 248.811
701.602 249.189
699.581 249.376
697.552 249.516
695.531 249.739
693.528 250.071
691.522 250.449
689.511 250.826
687.492 251.149
685.469 251.555
683.463 252.042
681.414 252.203
679.382 251.888
677.597 250.836
676.195 249.299
675.108 247.498
674.103 245.649
672.725 244.072
671.175 242.629
669.38 241.44
667.686 240.119
666.014 238.724
664.867 236.894
664.282 234.779
663.75 232.644
663.512 230.442
663.287 228.225
662.629 226.098
661.68 224.056
661.081 221.886
660.379 219.754
659.326 217.746
658.241 215.749
657.364 213.655
656.344 211.631
655.064 209.761
653.568 208.026
652.083 206.306
650.471 204.715
648.889 203.094
647.087 201.708
645.082 200.6
643.141 199.353
641.229 198.059
639.172 197.034
637.077 196.032
635.04 194.895
632.888 194.051
630.728 193.221
628.719 192.027
626.555 191.183
624.504 190.074
622.265 189.606
619.969 189.48
617.671 189.398
615.382 189.156
613.106 188.87
610.822 188.794
608.542 188.776
606.265 188.782
603.99 188.858
601.729 189.053
599.516 189.538
597.375 190.282
595.188 190.877
593.076 191.647
591.148 192.866
589.058 193.723
587.089 194.785
585.412 196.312
583.531 197.559
581.777 198.954
580.372 200.719
578.762 202.289
577.343 204.009
575.744 205.565
574.267 207.242
572.975 209.04
571.708 210.835
570.542 212.702
569.663 214.706
568.765 216.705
567.933 218.727
567.3 220.813
566.796 222.929
566.43 225.068
566.173 227.219
566.063 229.379
566.014 231.536
566.042 233.675
566.121 235.805
566.183 237.932
566.242 240.056
566.24 242.175
566.17 244.282
565.994 246.378
565.638 248.452
565.479 250.542
565.422 252.637
565.338 254.724
565.04 256.773
564.549 258.789
563.971 260.794
563.424 262.798
563.037 264.843
562.725 266.9
562.468 268.954
562.495 271.01
562.896 273.04
563.146 275.087
563.281 277.144
563.366 279.205
563.227 281.265
562.358 283.154
560.912 284.672
559.024 285.616
557.012 286.274
554.947 286.801
552.871 287.296
550.823 287.948
548.949 289.083
546.926 289.893
545.03 290.997
543.105 292.056
540.978 292.659
538.888 293.385
536.877 294.31
534.945 295.451
533.067 296.692
531.088 297.765
529.237 299.053
527.374 300.323
525.38 301.369
523.299 302.229
521.464 303.507
519.73 304.928
517.785 305.934
515.932 307.038
514.16 308.261
512.356 309.407
510.696 310.755
508.866 311.86
507.036 313.007
505.066 313.87
503.28 315.122
501.679 316.685
499.894 318.003
498.06 319.321
496.244 320.679
494.414 322.002
492.593 323.384
490.754 324.748
488.844 325.999
487.001 327.394
485.039 328.656
483.062 329.86
481.362 331.462
480.465 332.208
479.568 332.955
477.813 334.469
476.071 336.005
474.014 337.021
471.79 336.706
469.928 335.362
468.394 333.595
466.491 332.311
464.56 331.072
462.644 329.815
460.692 328.603
458.807 327.265
457.047 325.784
455.119 324.526
453.176 323.28
451.378 321.812
449.444 320.564
447.511 319.28
445.717 317.795
443.749 316.629
441.775 315.463
439.798 314.308
437.85 313.112
435.761 312.234
433.71 311.254
431.796 310.003
429.691 309.236
427.608 308.448
425.619 307.422
423.61 306.463
421.501 305.754
419.307 305.4
417.158 304.915
415.088 304.07
412.88 303.811
410.651 303.738
408.42 303.729
406.191 303.698
403.972 303.675
401.763 303.765
399.561 303.996
397.428 304.641
395.27 305.139
393.081 305.373
390.914 305.723
388.742 306.123
386.617 306.721
384.621 307.695
382.654 308.743
380.573 309.509
378.587 310.457
376.704 311.593
374.922 312.933
372.862 313.759
370.878 314.724
369.095 316.031
367.298 317.334
365.537 318.689
364.045 320.317
362.532 321.963
361.159 323.7
359.753 325.414
358.56 327.284
357.465 329.204
356.613 331.208
355.793 333.242
355.043 335.298
354.604 337.428
354.365 339.58
354.258 341.741
354.068 343.9
353.899 346.053
353.829 348.208
353.704 350.355
353.491 352.501
353.435 354.65
353.452 356.794
353.587 358.927
353.883 361.044
354.023 363.171
354.128 365.3
354.318 367.422
354.556 369.538
354.874 371.649
355.414 373.718
356.067 375.757
356.586 377.84
357.06 379.926
357.525 381.998
358.306 383.981
359.061 385.99
359.687 388.038
360.614 389.974
361.523 391.919
362.168 393.971
363.004 395.952
364.155 397.786
365.104 399.717
365.805 401.769
366.842 403.673
367.775 405.618
368.819 407.514
369.576 409.521
370.386 411.493
371.314 413.402
372.371 415.258
373.284 417.169
373.912 419.183
374.9 421.061
375.74 422.978
376.776 424.801
377.58 426.701
378.599 428.483
379.887 430.084
380.947 431.817
381.825 433.664
382.863 435.458
383.097 437.416
381.854 438.977
379.987 439.76
377.954 439.652
376.009 439.066
374.252 437.948
372.329 437.284
370.347 436.73
368.335 436.255
366.409 435.443
364.407 434.847
362.325 434.707
360.245 435.026
358.199 435.658
356.098 436.033
353.954 436.151
351.807 436.276
349.671 436.531
347.559 436.998
345.441 437.451
343.324 437.887
341.237 438.493
339.216 439.326
337.309 440.421
335.365 441.455
333.283 442.193
331.32 443.189
329.516 444.48
327.676 445.736
326.325 447.491
325.086 449.314
323.704 451.024
322.603 452.926
321.899 455.002
321.513 457.157
321.306 459.343
321.043 461.527
320.374 463.63
319.856 465.768
319.583 467.931
319.469 470.115
319.382 472.307
319.345 474.497
319.376 476.686
319.481 478.861
319.6 481.033
319.359 483.181
318.394 485.139
317.435 487.088
316.293 488.897
314.949 490.562
313.953 492.436
313.056 494.369
311.652 496.021
310.592 497.87
309.708 499.807
309.24 501.889
308.555 503.913
308.048 505.978
307.68 508.077
307.426 510.19
307.303 512.312
307.285 514.442
307.293 516.569
307.387 518.691
307.692 520.787
308.256 522.828
308.829 524.864
309.354 526.903
309.979 528.924
310.2 531.014
310.096 533.114
309.796 535.191
309.598 537.271
309.56 539.361
309.555 541.453
309.545 543.546
309.517 545.656
309.118 547.704
307.806 549.381
306.307 550.896
304.677 552.246
302.918 553.426
301.002 554.35
299.159 555.409
297.371 556.563
295.448 557.49
293.506 558.383
291.651 559.445
289.794 560.52
288.311 561.995
287.491 563.95
287.097 566.026
287.045 568.163
287.045 570.302
286.681 572.408
286.296 574.519
286.09 576.642
285.98 578.767
285.912 580.898
285.515 582.988
285.143 585.061
285.108 587.156
285.147 589.25
285.136 591.341
285.109 593.417
285.112 595.483
285.195 597.545
285.344 599.606
285.419 601.668
285.375 603.723
285.351 605.772
285.42 607.814
285.494 609.849
285.502 611.886
285.484 613.917
285.559 615.938
285.903 617.939
286.267 619.939
286.412 621.964
286.345 623.995
286.24 626.014
286.303 628.017
286.544 630.011
286.739 632.022
286.978 634.04
287.192 636.037
287.262 638.038
287.161 640.05
286.953 642.054
286.743 644.047
286.777 646.04
287.159 648.014
287.146 650.019
286.727 651.999
286.46 653.981
286.713 655.963
286.994 657.945
287.021 659.959
287.027 661.983
287.191 663.99
287.32 665.978
287.475 667.973
287.577 669.979
287.432 671.989
287.329 673.994
287.311 675.99
287.341 677.989
287.439 680.005
287.477 682.01
287.48 684.012
287.485 686.012
287.488 688.012
287.486 690.024
287.485 692.038
287.475 694.053
287.438 696.069
287.422 698.083
287.352 700.096
287.095 702.095
286.456 704.044
286.215 706.067
286.276 708.113
286.469 710.157
286.553 712.215
286.382 714.283
286.137 716.346
285.994 718.414
286.044 720.496
286.15 722.597
286.139 724.716
285.864 726.827
285.49 728.911
285.499 731.036
285.574 733.184
285.529 735.346
285.418 737.496
285.424 739.649
285.698 741.785
286.396 743.856
287.076 745.929
287.316 748.098
287.695 750.254
288.446 752.332
289.146 754.44
289.929 756.499
291.489 758.101
292.987 759.762
294.132 761.695
295.558 763.448
297.046 765.171
298.445 766.918
299.914 768.615
301.423 770.265
303.234 771.622
304.776 773.231
306.281 774.85
308.024 776.221
309.65 777.762
311.681 778.57
313.897 778.827
316.067 779.285
318.055 780.294
319.918 781.537
321.734 782.864
323.463 784.298
325.308 785.567
327.203 786.791
328.832 788.33
330.512 789.777
332.182 791.247
333.599 792.952
334.201 795.05
334.129 797.243
333.628 799.396
333.134 801.544
332.661 803.697
332.21 805.85
331.775 808.001
331.349 810.163
331.075 812.343
331.164 814.534
331.455 816.704
332.075 818.807
332.736 820.899
333.328 822.999
334.084 825.025
335.362 826.781
336.632 828.539
337.865 830.293
339.277 831.944
340.774 833.522
341.89 835.363
342.515 837.41
342.968 839.505
343.097 841.645
342.935 843.787
342.563 845.916
342.231 848.051
342.089 850.202
342.242 852.351
342.75 854.443
343.488 856.467
344.353 858.456
345.191 860.468
345.652 862.586
345.965 864.726
346.094 866.889
346.19 869.063
346.369 871.237
346.573 873.418
346.708 875.611
346.873 877.805
347.229 879.98
347.798 882.119
348.631 884.177
349.874 885.987
351.473 887.577
353.115 889.135
355.125 890.038
357.282 890.614
359.448 891.164
361.633 891.707
363.832 892.167
366.077 892.249
368.332 892.138
370.581 892.119
372.818 891.928
375.031 891.513
377.189 890.797
379.314 889.946
381.533 889.496
383.722 888.969
385.657 887.757
387.576 886.543
389.442 885.228
391.101 883.678
392.469 881.877
393.188 879.773
392.734 877.606
391.489 875.705
390.167 873.872
389.461 871.774
389.109 869.607
389.006 867.416
388.876 865.237
388.381 863.121
387.799 861.033
387.639 858.892
387.807 856.764
388.451 854.721
388.928 852.668
389.253 850.608
389.331 848.536
389.181 846.471
388.755 844.456
388.066 842.505
387.258 840.588
386.688 838.592
386.482 836.525
387.057 834.576
388.833 833.552
390.893 833.682
392.701 834.744
394.315 836.103
396.033 837.319
397.64 838.688
399.431 839.824
401.161 841.083
402.93 842.245
404.726 843.408
406.499 844.633
408.374 845.691
410.265 846.757
412.113 847.922
413.837 849.259
415.738 850.351
417.5 851.677
419.04 853.28
420.848 854.534
422.703 855.745
424.509 857.028
426.44 858.1
428.223 859.395
429.899 860.85
431.815 861.965
433.687 863.206
435.592 864.359
437.436 865.604
439.282 866.881
440.947 868.383
442.626 869.806
444.301 871.254
445.921 872.75
447.79 873.913
449.649 875.12
451.377 876.508
453.178 877.794
454.838 879.314
456.699 880.498
458.543 881.695
460.26 883.074
461.75 884.754
463.687 885.877
465.541 887.151
467.322 888.547
469.333 889.583
471.372 890.604
473.215 891.934
474.859 893.509
476.657 894.9
478.701 895.908
480.536 897.265
482.314 898.686
483.965 900.26
485.621 901.82
487.347 903.335
488.987 904.931
490.545 906.538
491.895 908.318
492.81 910.335
493.544 912.428
494.314 914.502
495.204 916.541
495.747 918.676
496.493 920.733
497.18 922.799
497.525 924.944
497.993 927.055
498.68 929.099
499.372 931.133
500.082 933.158
500.722 935.198
501.339 937.234
501.75 939.319
502.493 941.312
503.261 943.294
503.596 945.386
504.067 947.432
505.017 949.345
505.488 951.375
505.817 953.439
506.229 955.487
506.752 957.514
507.374 959.514
508.032 961.506
508.593 963.525
509.091 965.557
509.589 967.588
510.251 969.574
510.812 971.595
511.255 973.637
511.773 975.667
512.686 977.576
513.302 979.573
513.635 981.649
514.103 983.706
514.679 985.729
515.44 987.697
516.248 989.651
516.965 991.639
517.441 993.699
517.754 995.805
518.367 997.853
519.251 999.826
519.76 1001.91
520.203 1004.02
520.758 1006.11
521.465 1008.15
521.921 1010.28
522.488 1012.39
523.2 1014.48
524.088 1016.51
524.736 1018.63
525.224 1020.8
525.628 1022.99
526.383 1025.09
527.328 1027.13
528.044 1029.27
529.213 1031.23
530 1033.36
530.936 1035.41
532.229 1037.29
533.477 1039.21
535.222 1040.64
537.048 1042
538.252 1043.96
539.835 1045.55
541.508 1047.05
543.424 1048.2

