CONTOUR

2

1841

786.777 1008.59
789.06 1008.5
791.296 1008.03
793.426 1007.21
795.304 1005.88
797.314 1004.73
799.078 1003.25
800.613 1001.54
801.814 999.561
803.099 997.628
804.464 995.754
805.625 993.745
807.054 991.868
808.005 989.754
809.155 987.738
809.59 985.484
809.724 983.179
809.706 980.858
809.476 978.56
808.759 976.372
807.566 974.368
806.375 972.375
805.372 970.277
804.038 968.375
802.731 966.45
801.92 964.287
801.043 962.147
799.671 960.249
798.461 958.269
797.447 956.185
796.194 954.23
794.846 952.344
793.768 950.311
793.018 948.125
791.784 946.15
790.555 944.187
789.435 942.169
788.498 940.072
787.372 938.049
786.328 935.989
785.289 933.939
783.965 932.055
783.057 929.945
781.841 927.996
781.015 925.878
780.061 923.827
778.852 921.883
777.914 919.813
777.025 917.726
775.674 915.885
774.448 913.962
773.486 911.905
772.459 909.911
771.311 907.986
770.222 906.017
769.336 903.95
768.129 902.032
767.163 900.016
766.017 898.078
765.068 896.066
763.622 894.344
762.525 892.423
761.578 890.404
760.56 888.415
759.462 886.468
758.233 884.591
757.221 882.589
755.922 880.761
754.729 878.857
754.058 876.703
753.781 874.451
753.861 872.177
754.568 870.033
756 868.225
757.278 866.332
758.609 864.484
760.042 862.689
761.517 860.907
762.888 859.034
764.343 857.211
765.613 855.222
766.968 853.274
768.247 851.272
769.538 849.282
770.814 847.26
772.231 845.322
773.718 843.438
775.296 841.608
776.805 839.709
778.292 837.82
779.775 835.932
780.904 833.785
782.277 831.818
783.783 829.928
785.407 828.144
786.685 826.096
788.065 824.09
789.503 822.144
790.731 820.078
791.978 818.006
793.3 816.006
794.457 813.917
795.889 812.019
797.019 809.938
798.246 807.928
799.693 806.059
801.192 804.259
802.241 802.199
803.284 800.133
804.649 798.254
805.85 796.297
807.18 794.408
808.522 792.55
809.729 790.592
811.176 788.805
812.877 787.271
815.076 786.74
817.162 787.61
818.648 789.338
819.882 791.288
821.18 793.19
822.337 795.139
823.655 797.003
825.025 798.847
826.235 800.742
827.622 802.529
828.988 804.33
830.244 806.198
831.481 808.128
832.7 810.106
833.968 812.036
835.54 813.761
836.942 815.618
838.209 817.606
839.425 819.626
840.835 821.534
841.912 823.635
843.265 825.595
844.59 827.552
845.827 829.569
847.323 831.429
848.561 833.47
849.598 835.603
850.942 837.567
852.37 839.499
853.7 841.485
855.617 842.873
857.543 844.254
859.437 845.634
861.399 846.908
863.578 847.764
865.824 848.435
868.133 848.893
870.409 849.487
872.645 850.212
874.951 850.514
877.277 850.654
879.602 850.869
881.913 851.221
884.238 851.292
886.543 850.967
888.851 850.728
891.161 850.532
893.427 850.175
895.589 849.421
897.429 848.032
899.107 846.465
900.871 844.939
902.36 843.189
903.815 841.398
905.228 839.548
906.48 837.589
907.969 835.804
909.115 833.806
909.857 831.615
910.532 829.418
910.753 827.139
910.462 824.877
909.586 822.741
908.733 820.601
907.717 818.533
906.467 816.58
905.412 814.528
904.312 812.486
903.263 810.418
902.025 808.447
901.211 806.309
900.219 804.256
898.965 802.33
897.767 800.383
896.633 798.398
895.681 796.319
894.514 794.327
893.532 792.252
892.547 790.203
891.439 788.219
890.357 786.208
889.539 784.081
888.506 782.072
887.393 780.102
886.339 778.088
885.484 775.977
884.354 774.04
883.037 772.231
881.975 770.275
881.155 768.204
879.972 766.307
879.121 764.265
877.993 762.34
877.26 760.25
876.18 758.326
875.008 756.459
874.023 754.494
873.182 752.469
872.102 750.552
871.164 748.568
869.992 746.706
869.116 744.7
867.899 742.87
866.801 740.962
865.862 738.987
865.013 736.992
863.826 735.124
863.043 733.051
861.917 731.131
861.167 729.055
860.202 727.056
859.282 725.022
858.769 722.869
858.985 720.681
859.934 718.693
861.228 716.878
862.36 714.952
863.718 713.191
865.218 711.522
866.367 709.617
867.561 707.748
868.66 705.821
869.482 703.756
870.516 701.82
871.648 699.936
872.785 698.044
873.576 696.002
874.535 694.071
875.738 692.275
876.691 690.355
877.424 688.344
878.188 686.341
879.277 684.468
879.926 682.412
881.014 680.531
881.487 678.458
881.926 676.378
882.486 674.331
882.835 672.252
883.3 670.19
883.715 668.119
884.115 666.048
884.418 663.97
884.702 661.9
884.898 659.828
885.107 657.763
885.348 655.708
885.546 653.661
885.621 651.606
885.684 649.55
885.775 647.495
885.965 645.453
886.515 643.468
887.066 641.487
887.128 639.442
887.146 637.393
887.371 635.369
887.523 633.346
887.608 631.32
887.705 629.3
887.939 627.295
888.364 625.307
888.617 623.289
888.782 621.263
888.942 619.235
889.207 617.221
889.588 615.227
889.809 613.224
889.892 611.21
889.965 609.198
890.173 607.192
890.37 605.187
890.55 603.174
890.729 601.156
890.828 599.13
890.891 597.113
891.013 595.097
891.386 593.117
892.025 591.192
892.445 589.24
892.632 587.245
892.757 585.244
892.947 583.248
893.187 581.251
893.375 579.254
893.537 577.256
893.7 575.26
893.825 573.249
894.119 571.253
894.661 569.291
894.827 567.278
894.878 565.266
895.053 563.26
895.295 561.26
895.611 559.271
895.863 557.267
896.007 555.251
896.221 553.242
896.478 551.239
896.701 549.231
896.851 547.217
896.986 545.204
897.322 543.215
897.48 541.211
897.548 539.2
897.645 537.191
897.82 535.183
897.956 533.172
897.982 531.159
898.04 529.155
898.202 527.157
898.326 525.158
898.415 523.152
898.512 521.14
898.654 519.13
898.743 517.126
898.813 515.119
898.985 513.114
899.456 511.148
899.67 509.152
899.786 507.145
899.993 505.151
900.599 503.226
900.989 501.259
901.105 499.257
901.119 497.249
901.128 495.24
901.243 493.237
901.425 491.237
901.599 489.233
901.716 487.225
901.79 485.218
901.849 483.208
901.995 481.199
902.435 479.221
902.597 477.215
902.655 475.202
902.691 473.186
902.771 471.171
902.984 469.17
903.23 467.185
903.376 465.185
903.669 463.186
903.868 461.188
904.005 459.177
904.078 457.16
904.259 455.157
904.475 453.156
904.674 451.153
904.807 449.147
904.854 447.135
904.923 445.123
905.04 443.114
905.293 441.12
905.671 439.143
905.858 437.162
905.909 435.168
905.999 433.171
906.246 431.184
906.413 429.186
906.521 427.179
906.626 425.164
906.731 423.149
906.793 421.149
906.881 419.149
906.998 417.147
907.26 415.151
907.513 413.151
907.716 411.148
907.954 409.149
908.222 407.155
908.378 405.154
908.472 403.149
908.584 401.146
908.806 399.153
909.016 397.161
909.086 395.157
909.161 393.155
909.272 391.155
909.323 389.162
909.347 387.165
909.394 385.167
909.537 383.168
909.657 381.165
909.732 379.155
909.786 377.136
909.846 375.114
909.854 373.096
909.968 371.088
910.508 369.135
910.989 367.172
911.141 365.159
911.223 363.143
911.258 361.129
911.234 359.117
911.201 357.116
911.235 355.116
911.335 353.118
911.597 351.131
911.744 349.124
911.822 347.116
911.904 345.109
912.154 343.119
912.426 341.139
912.666 339.154
912.899 337.169
913.284 335.204
913.457 333.208
913.513 331.198
913.585 329.184
913.751 327.175
913.913 325.175
914.023 323.17
914.117 321.158
914.279 319.15
914.375 317.147
914.386 315.141
914.418 313.137
914.593 311.141
914.816 309.152
915.117 307.166
915.305 305.165
915.168 303.152
915.093 301.145
915.221 299.134
915.408 297.121
915.576 295.102
915.638 293.08
915.68 291.059
915.831 289.047
916.355 287.087
916.58 285.097
916.602 283.091
916.587 281.085
916.571 279.078
916.6 277.069
916.655 275.066
916.76 273.069
916.969 271.079
917.077 269.085
917.119 267.086
917.143 265.079
917.149 263.074
917.165 261.073
917.2 259.069
917.246 257.06
917.333 255.052
917.371 253.048
917.374 251.044
917.373 249.039
917.375 247.036
917.378 245.04
917.378 243.043
917.371 241.046
917.343 239.048
917.35 237.048
917.352 235.049
917.381 233.048
917.539 231.05
917.648 229.031
917.704 227.001
917.741 224.963
917.764 222.918
917.765 220.873
917.766 218.825
917.745 216.773
917.717 214.72
917.683 212.664
917.632 210.611
917.553 208.56
917.409 206.508
917.367 204.448
917.36 202.382
917.306 200.309
917.17 198.239
917.052 196.157
916.864 194.067
916.556 191.975
916.063 189.913
915.815 187.807
915.677 185.681
915.619 183.542
915.441 181.411
915.001 179.297
914.46 177.193
913.876 175.088
913.531 172.928
913.03 170.805
911.797 168.95
910.776 166.971
909.597 165.03
908.652 162.972
907.472 161.046
906.182 159.154
905.048 157.157
903.695 155.262
902.406 153.34
901.13 151.402
899.594 149.611
898.078 147.835
896.531 146.054
894.921 144.323
893.25 142.634
891.348 141.192
889.463 139.727
887.836 137.935
886.481 135.957
884.939 134.174
883.304 132.48
881.607 130.834
879.647 129.478
877.874 127.911
876.138 126.358
874.164 125.132
872.093 124.051
870.365 122.493
868.49 121.197
866.622 119.872
864.859 118.435
862.963 117.203
860.978 116.081
859.072 114.832
857.085 113.761
855.065 112.744
853.048 111.669
850.845 111.026
848.836 109.874
846.646 109.295
844.427 108.845
842.22 108.315
840.014 107.768
837.819 107.226
835.607 106.789
833.383 106.474
831.161 106.214
828.917 106.049
826.669 105.958
824.417 105.892
822.165 105.874
819.914 105.925
817.659 105.992
815.407 106.139
813.201 106.606
811.124 107.554
809.059 108.542
806.903 109.333
804.724 110.081
802.756 111.32
800.809 112.58
798.786 113.73
796.66 114.744
794.695 116.064
792.752 117.393
790.867 118.859
788.887 120.2
787.029 121.69
785.447 123.516
783.599 125.047
781.657 126.446
779.975 128.131
778.208 129.792
776.736 131.718
775.128 133.505
773.51 135.304
772.122 137.297
770.273 138.894
768.828 140.799
767.4 142.735
765.829 144.539
764.604 146.554
763.331 148.538
762.257 150.612
761.223 152.696
759.899 154.614
758.836 156.664
757.741 158.686
757.155 160.895
756.408 163.018
755.37 165.023
754.426 167.045
753.704 169.138
753.31 171.311
752.708 173.423
751.851 175.461
751.314 177.594
750.782 179.714
750.102 181.784
749.425 183.853
748.959 185.967
748.417 188.062
747.803 190.139
747.147 192.207
746.681 194.313
746.371 196.438
746.083 198.567
745.63 200.668
745.367 202.794
745.153 204.934
744.68 207.033
744.237 209.141
744.015 211.283
743.918 213.437
743.984 215.599
744.026 217.762
743.924 219.929
743.742 222.098
743.269 224.22
742.289 226.2
741.297 228.167
739.834 229.841
738.588 231.683
737.464 233.609
736.138 235.391
734.999 237.285
733.658 239.063
732.362 240.849
730.859 242.454
729.415 244.103
727.724 245.541
726.474 247.349
725.241 249.145
724.013 250.939
722.825 252.788
721.52 254.508
719.884 255.974
718.361 257.587
716.318 258.17
714.214 257.819
712.589 256.464
711.726 254.502
711.198 252.418
710.261 250.442
709.871 248.337
709.828 246.197
709.845 244.057
709.863 241.917
709.891 239.774
709.912 237.624
709.866 235.47
709.826 233.314
709.831 231.152
709.8 228.97
709.725 226.768
709.503 224.57
709.033 222.414
708.259 220.345
707.323 218.333
706.364 216.303
705.335 214.294
704.603 212.154
704.075 209.937
703.47 207.732
702.506 205.642
701.36 203.656
700.036 201.76
698.784 199.816
697.66 197.789
696.67 195.703
695.488 193.699
694.176 191.765
692.915 189.809
691.184 188.249
689.526 186.623
687.693 185.196
686.063 183.538
684.535 181.802
682.741 180.371
681.076 178.796
679.286 177.332
677.535 175.811
675.767 174.328
673.67 173.361
671.588 172.355
669.614 171.176
667.679 169.926
665.513 169.205
663.365 168.415
661.189 167.725
658.976 167.299
656.712 167.072
654.48 166.77
652.254 166.459
650.034 166.164
647.823 165.836
645.604 165.589
643.376 165.552
641.156 165.648
638.964 166.023
636.771 166.328
634.551 166.416
632.346 166.665
630.185 167.123
627.978 167.333
625.795 167.665
623.672 168.299
621.588 169.055
619.401 169.373
617.219 169.701
615.086 170.283
612.959 170.971
610.933 171.948
608.833 172.721
606.746 173.503
604.719 174.446
602.772 175.57
600.995 176.95
599.059 178.085
597.147 179.295
595.452 180.784
593.954 182.473
592.532 184.216
590.973 185.84
589.814 187.766
588.99 189.872
587.724 191.758
586.383 193.593
585.49 195.646
584.812 197.779
583.91 199.844
583.514 202.059
583.074 204.256
581.93 206.238
581.598 208.418
581.517 210.626
581.452 212.827
581.324 215.015
580.97 217.162
580.341 219.254
579.619 221.319
579.1 223.426
578.802 225.57
578.709 227.72
578.92 229.854
579.45 231.942
580.121 234.003
580.524 236.11
580.616 238.248
580.673 240.386
580.896 242.499
581.158 244.603
581.334 246.711
581.442 248.827
581.481 250.956
581.706 253.063
582.478 255.029
583.685 256.751
585.356 258.068
586.924 259.478
588.335 261.082
588.872 263.107
588.711 265.224
588.448 267.34
588.478 269.467
588.875 271.563
589.254 273.659
589.424 275.771
589.678 277.863
590.397 279.84
591.391 281.719
592.367 283.606
593.228 285.54
593.695 287.586
593.938 289.676
593.975 291.777
593.999 293.876
594.301 295.943
594.807 297.963
595.84 299.783
597.091 301.45
598.297 303.145
599.81 304.574
601.072 306.235
601.11 308.224
599.878 309.915
598.804 311.616
598.261 313.553
597.935 315.573
597.084 317.453
595.578 318.851
593.72 319.669
591.717 319.964
589.685 319.77
587.67 319.57
585.656 319.401
583.653 318.99
581.692 318.394
579.666 318.156
577.625 318.307
575.615 318.748
573.587 319.187
571.525 319.408
569.45 319.501
567.375 319.545
565.299 319.567
563.215 319.582
561.12 319.558
559.021 319.552
556.959 319.843
555.006 320.751
552.945 321.095
550.847 320.712
548.73 320.513
546.606 320.594
544.51 320.913
542.455 321.48
540.378 321.927
538.37 322.645
536.595 323.823
535.133 325.388
533.748 327.06
532.751 328.902
532.351 330.957
532.072 333.047
531.837 335.153
531.604 337.263
531.199 339.35
530.225 341.237
528.83 342.855
527.021 344.021
525.302 345.426
523.297 346.31
521.252 347.139
519.283 348.152
517.255 349.091
515.151 349.794
513.178 350.826
511.091 351.64
509.06 352.597
506.96 353.377
504.776 353.922
502.677 354.77
500.585 355.663
498.467 356.524
496.271 357.136
494.024 357.524
491.783 357.985
489.708 359.062
487.455 359.627
485.448 360.794
483.438 361.93
481.707 363.442
480.599 365.5
479.324 367.441
477.804 369.224
476.385 371.088
474.716 372.729
472.663 373.876
470.655 375.13
468.499 376.113
466.36 377.165
464.242 378.224
462.524 379.865
460.774 381.467
459.288 383.339
457.74 385.134
456.28 386.984
454.8 388.831
453.391 390.711
451.929 392.551
450.331 394.316
449.31 396.435
448.445 398.632
447.447 400.796
447.068 403.093
447.749 405.251
449.742 406.254
452.054 405.896
454.309 405.244
456.272 404.018
458.029 402.435
459.811 400.891
461.462 399.187
463.149 397.52
464.933 395.997
466.808 394.599
469.056 394.294
471.175 395.203
472.686 396.929
473.501 399.072
474.172 401.265
474.926 403.413
475.903 405.471
476.959 407.506
477.891 409.563
479.157 411.438
480.623 413.174
482.374 414.546
484.37 415.556
486.553 415.915
488.777 415.647
490.969 415.029
493.232 414.937
495.026 416.154
495.25 418.274
494.275 420.337
493.572 422.442
493.367 424.629
493.557 426.816
494.332 428.876
495.409 430.808
496.603 432.648
497.696 434.522
498.954 436.279
500.664 437.673
502.109 439.336
503.783 440.71
505.713 441.692
507.718 442.549
509.701 443.431
511.581 444.585
513.176 446.109
513.343 448.183
511.874 449.778
509.966 450.88
508.082 451.952
506.13 452.914
504.033 453.388
501.901 453.569
499.759 453.593
497.616 453.603
495.476 453.717
493.334 453.892
491.186 453.931
489.04 453.847
486.896 453.625
484.75 453.725
482.693 454.378
480.757 455.384
478.769 456.275
476.764 457.111
474.662 457.647
472.709 458.554
470.894 459.742
469.057 460.896
467.366 462.213
466.097 463.922
465.547 465.997
465.251 468.128
464.952 470.249
464.357 472.309
463.688 474.338
463.17 476.379
462.582 478.392
462.289 480.467
462.155 482.558
462.088 484.645
462.058 486.726
462.017 488.805
462.14 490.874
462.3 492.938
462.277 495.007
461.556 496.902
459.908 498.069
457.887 498.207
455.883 497.822
453.899 497.45
451.886 497.339
449.864 497.343
447.85 497.47
445.842 497.676
443.836 497.763
441.835 497.776
439.832 497.691
437.832 497.545
435.83 497.415
433.826 497.318
431.818 497.245
429.813 497.198
427.799 497.206
425.784 497.261
423.782 497.447
421.822 497.867
419.848 498.273
417.838 498.51
415.821 498.569
413.818 498.597
411.813 498.707
409.815 498.917
407.833 499.282
405.838 499.705
403.819 499.957
401.791 500.046
399.764 500.042
397.735 500.09
395.736 500.433
393.763 500.939
391.768 501.379
389.757 501.749
387.721 501.87
385.684 501.923
383.658 502.088
381.621 502.403
379.602 502.819
377.558 503.103
375.509 503.298
373.45 503.461
371.389 503.608
369.329 503.8
367.285 504.143
365.263 504.715
363.209 505.12
361.123 505.269
359.041 505.47
356.946 505.678
354.848 505.936
352.753 506.241
350.667 506.637
348.588 507.184
346.608 508.093
344.577 508.874
342.499 509.5
340.462 510.285
338.53 511.369
336.586 512.422
334.627 513.474
332.504 514.212
330.429 515.088
328.505 516.333
326.477 517.414
324.295 518.151
322.043 518.744
319.954 519.735
318.028 521.121
315.874 522.036
313.771 523.078
311.809 524.395
309.862 525.726
307.934 527.1
305.868 528.278
303.926 529.647
302.108 531.182
300.21 532.567
298.264 533.924
296.564 535.627
294.789 537.259
292.994 538.885
291.28 540.629
289.385 542.163
287.515 543.761
285.841 545.569
284.426 547.589
282.797 549.427
281.172 551.295
279.293 552.896
277.232 554.211
275.127 555.487
273.22 557.005
271.388 558.616
269.472 560.158
267.749 561.886
266.01 563.605
264.151 565.185
262.591 567.002
261.154 568.903
259.632 570.706
258.263 572.639
256.754 574.453
254.989 576.066
253.396 577.888
251.793 579.688
250.153 581.461
248.902 583.531
247.506 585.515
245.898 587.338
244.706 589.417
243.386 591.436
241.866 593.308
240.545 595.289
239.135 597.215
237.686 599.08
236.315 600.979
234.703 602.636
233.212 604.38
231.41 605.826
229.769 607.429
228.264 609.155
226.497 610.557
224.835 612.095
223.05 613.514
221.154 614.84
219.285 616.237
217.443 617.694
215.573 619.185
213.546 620.47
211.465 621.659
209.645 623.273
207.715 624.769
205.707 626.138
203.869 627.712
201.935 629.164
199.787 630.295
197.856 631.734
196.008 633.252
194.095 634.682
192.244 636.211
190.366 637.656
188.689 639.321
187.146 641.138
185.398 642.729
183.763 644.446
182.18 646.185
180.623 647.94
178.872 649.551
176.99 651.021
174.832 652.029
172.485 652.459
170.181 653.067
167.917 653.759
165.879 654.97
163.952 656.322
161.996 657.669
160.687 659.636
159.311 661.553
157.987 663.525
156.867 665.602
155.249 667.341
153.767 669.175
152.62 671.24
151.162 673.067
149.477 674.674
148.092 676.527
146.615 678.311
145.18 680.129
143.695 681.941
142.348 683.831
141.112 685.788
139.645 687.616
138.082 689.342
136.103 690.551
134.107 691.689
132.053 692.649
130.015 693.649
127.921 694.473
125.82 695.277
123.677 695.856
121.562 696.579
119.394 697.108
117.195 697.094
115.217 696.088
113.291 695.049
111.395 693.877
109.299 693.14
107.279 692.233
105.318 691.208
103.361 690.158
101.246 689.55
99.0987 689.086
97.0194 688.294
94.8388 688.123
92.6415 688.228
90.4579 688.399
88.3268 688.811
86.3173 689.632
84.3383 690.537
82.4529 691.668
80.6349 692.914
78.83 694.188
77.0112 695.527
75.2487 696.959
73.1502 697.76
70.9195 698.136
68.6787 697.999
66.4481 697.655
64.3077 696.981
62.5649 695.481
60.8371 693.95
58.7847 692.911
56.7764 691.792
54.9229 690.345
52.7693 689.538
50.4651 689.254
48.1311 689.153
45.7904 689.22
43.4822 689.531
41.3184 690.399
39.3379 691.716
37.3852 693.109
35.1644 693.97
32.9601 694.826
31.0497 696.213
29.7893 698.213
29.5634 700.593
29.8628 702.982
30.7259 705.255
31.487 707.551
32.5957 709.71
33.632 711.896
34.8874 713.984
36.2961 715.973
37.6085 718.005
38.8818 720.083
40.0038 722.25
41.4381 724.219
43.0572 726.037
44.6104 727.924
45.9673 729.977
47.4934 731.923
49.1656 733.736
50.8851 735.487
52.6646 737.171
54.4477 738.838
56.1488 740.564
58.1971 741.903
60.0872 743.446
61.8538 745.107
63.8053 746.552
65.7052 748.076
67.5812 749.6
69.4882 751.069
71.4562 752.473
73.5434 753.646
75.5056 754.99
77.3677 756.476
79.3817 757.736
81.2507 759.188
83.147 760.548
85.1748 761.718
87.2041 762.929
88.8953 764.542
90.613 766.077
92.3695 767.604
93.9513 769.311
95.6083 770.951
97.4355 772.424
99.3701 773.71
101.319 775.006
103.339 776.226
105.285 777.529
107.234 778.807
109.164 780.146
111.269 781.183
113.489 781.912
115.574 782.982
117.763 783.785
119.768 785.032
121.974 785.812
124.129 786.717
126.231 787.736
128.277 788.887
130.397 789.87
132.314 791.214
134.16 792.655
136.186 793.803
138.246 794.911
140.185 796.214
142.234 797.3
144.336 798.305
146.304 799.576
148.308 800.789
150.445 801.691
152.545 802.672
154.483 803.946
156.244 805.474
157.803 807.191
159.525 808.747
161.495 809.974
163.376 811.31
165.334 812.51
167.409 813.499
169.432 814.568
171.456 815.645
173.452 816.786
175.625 817.422
177.863 817.889
179.98 818.739
182.06 819.671
184.189 820.5
186.405 820.991
188.639 821.372
190.887 821.753
193.097 822.305
195.354 822.461
197.614 822.38
199.848 821.998
202.099 821.624
204.258 820.952
206.151 819.675
207.927 818.241
209.82 816.899
211.466 815.244
212.972 813.432
213.94 811.271
215.221 809.272
215.724 806.974
216.162 804.646
216.571 802.309
217.113 799.997
217.615 797.673
218.338 795.414
219.376 793.295
220.839 791.392
222.644 789.843
224.791 788.795
226.878 787.647
228.889 786.315
230.516 784.579
231.92 782.625
233.365 780.671
234.648 778.607
236.191 776.704
237.715 774.771
239.277 772.846
241.076 771.134
242.747 769.348
244.299 767.422
245.761 765.425
246.586 764.492
247.412 763.56
248.888 761.536
250.342 759.542
252.046 757.734
253.64 755.84
255.228 753.955
256.619 751.905
257.926 749.848
259.357 747.876
260.595 745.782
261.601 743.559
262.91 741.501
264.267 739.525
265.733 737.587
267.4 735.811
269.106 734.098
270.9 732.526
272.762 731.024
274.59 729.586
276.207 727.875
277.907 726.337
279.604 724.817
281.325 723.279
283.075 721.844
284.777 720.354
286.405 718.833
287.969 717.208
289.652 715.67
291.278 714.128
293.071 712.767
294.787 711.319
296.341 709.74
297.927 708.216
299.477 706.624
301.075 705.085
302.823 703.692
304.935 703.635
306.3 705.258
306.161 707.443
305.527 709.555
304.881 711.638
304.129 713.658
303.46 715.698
302.785 717.739
301.938 719.708
301.367 721.748
300.671 723.75
300.015 725.767
299.189 727.73
298.403 729.711
297.798 731.754
297.198 733.796
296.082 735.663
295.293 737.661
294.562 739.677
293.927 741.728
293.106 743.72
292.138 745.647
291.152 747.562
290.291 749.534
289.502 751.54
288.798 753.587
288.114 755.635
287.21 757.595
286.23 759.53
285.369 761.518
284.485 763.496
283.52 765.443
282.513 767.381
281.791 769.421
281.164 771.489
280.138 773.401
279.239 775.373
278.201 777.281
277.483 779.309
276.811 781.355
276.056 783.385
275.117 785.332
274.416 787.374
273.849 789.451
273.243 791.524
272.443 793.519
271.513 795.475
270.717 797.49
269.978 799.533
269.367 801.614
268.61 803.641
267.757 805.63
266.667 807.528
265.69 809.477
265.005 811.551
263.884 813.451
263.091 815.505
262.139 817.484
261.394 819.541
260.561 821.567
259.682 823.582
258.588 825.5
257.688 827.51
257.032 829.617
255.914 831.552
255.088 833.607
253.884 835.508
253.349 837.662
252.757 839.813
251.795 841.841
250.733 843.826
249.882 845.897
249.108 848.01
247.978 850.02
247.309 852.223
246.398 854.326
245.56 856.459
244.827 858.636
243.965 860.782
243.058 862.92
242.374 865.134
242.134 867.424
242.355 869.709
243.244 871.846
244.439 873.839
245.739 875.775
247.392 877.475
248.826 879.369
250.152 881.316
251.75 883.044
253.253 884.859
254.982 886.413
256.914 887.748
258.634 889.323
260.593 890.533
262.6 891.659
264.636 892.722
266.779 893.535
268.921 894.344
271.036 895.202
273.148 896.063
275.33 896.635
277.563 896.773
279.692 896.154
281.5 894.868
282.839 893.064
284.024 891.174
284.795 889.096
285.427 886.97
285.699 884.776
285.817 882.559
285.881 880.351
285.871 878.14
285.843 875.931
285.818 873.73
285.817 871.535
285.819 869.344
285.837 867.16
286.23 865.024
287.368 863.161
289.114 861.915
291.075 862.654
292.42 864.378
293.35 866.385
294.588 868.168
296.349 869.364
298.401 870.034
300.463 870.768
302.589 871.175
304.723 870.841
306.825 870.249
308.927 869.653
311.037 869.09
312.817 867.954
314.345 866.445
315.891 864.956
317.118 863.215
317.847 861.183
318.743 859.215
319.781 857.291
321.136 855.572
322.655 854.053
324.688 853.421
326.849 853.262
328.991 853.386
331.065 853.791
332.992 854.713
334.974 855.444
336.95 856.119
338.982 856.639
341.051 856.973
343.072 857.462
345.105 857.856
347.151 858.126
349.205 858.389
351.27 858.639
353.263 859.14
355.087 860.14
356.944 861.056
358.968 861.383
360.998 861.602
362.953 862.106
364.51 863.425
365.707 865.097
366.918 866.764
367.898 868.577
369.216 870.127
370.421 871.774
371.63 873.443
372.452 875.326
372.751 877.354
372.672 879.409
372.45 881.467
372.146 883.523
371.722 885.57
371.361 887.629
371.017 889.696
370.674 891.768
370.319 893.837
369.829 895.885
369.597 897.974
369.527 900.086
369.55 902.208
369.851 904.318
370.291 906.393
371.124 908.328
372.415 910.008
373.703 911.702
375.225 913.192
376.688 914.699
377.646 916.569
378.267 918.594
378.593 920.693
378.587 922.811
378.436 924.923
378.165 927.029
377.683 929.089
377.309 931.167
377.182 933.281
377.227 935.387
377.376 937.494
377.78 939.555
378.72 941.47
379.615 943.413
380.161 945.483
380.452 947.615
380.707 949.748
381.101 951.863
381.298 954.02
381.375 956.186
381.453 958.353
381.645 960.518
381.871 962.682
382.081 964.857
382.29 967.038
382.911 969.121
384.236 970.84
385.764 972.399
387.686 973.41
389.809 973.898
391.956 974.414
394.124 974.902
396.283 975.411
398.489 975.558
400.703 975.49
402.916 975.455
405.13 975.458
407.345 975.48
409.56 975.455
411.731 975.155
413.678 974.026
415.776 973.38
417.921 972.853
419.998 972.105
421.864 970.87
423.749 969.629
425.355 968.054
426.173 965.98
426.4 963.753
426.364 961.537
426.122 959.348
425.904 957.147
425.775 954.954
425.579 952.784
425.074 950.676
424.482 948.593
423.918 946.513
423.676 944.395
423.657 942.267
423.693 940.136
424.047 938.061
424.763 936.063
425.399 934.055
425.619 931.983
425.605 929.901
425.356 927.832
424.756 925.826
424.14 923.832
423.621 921.8
423.105 919.768
422.767 917.71
422.672 915.642
422.959 913.597
423.714 911.661
424.94 909.954
425.844 908.114
426.705 906.252
427.597 904.416
428.508 902.571
429.187 900.646
429.479 898.645
429.598 896.627
429.657 894.608
429.656 892.593
429.6 890.58
429.441 888.586
429.061 886.634
428.632 884.689
428.014 882.801
427.144 881.004
426.379 879.171
425.763 877.301
425.589 875.353
425.946 873.441
427.224 871.966
428.955 870.979
430.642 869.947
432.545 869.527
434.498 869.348
436.46 869.268
438.431 869.235
440.4 869.268
442.356 869.381
444.32 869.519
446.275 869.792
448.163 870.432
450.114 870.79
452.102 870.958
454.101 871.102
456.112 871.233
458.116 871.124
460.012 870.402
461.958 869.894
463.949 869.975
465.847 870.676
467.76 871.334
469.761 871.607
471.781 871.762
473.807 871.943
475.821 872.258
477.85 872.378
479.877 872.125
481.894 872.094
483.869 872.554
485.837 873.056
487.854 873.209
489.876 873.255
491.894 873.31
493.91 873.373
495.927 873.381
497.947 873.352
499.964 873.316
501.973 873.2
503.937 872.745
505.899 872.308
507.884 872.143
509.881 872.336
511.888 872.436
513.885 872.585
515.878 872.785
517.87 872.97
519.843 873.295
521.839 873.419
523.843 873.439
525.846 873.546
527.817 873.922
529.784 874.345
531.792 874.554
533.815 874.552
535.828 874.464
537.833 874.413
539.838 874.406
541.843 874.423
543.844 874.472
545.847 874.548
547.854 874.635
549.865 874.731
551.878 874.846
553.878 875.074
555.861 875.442
557.827 875.89
559.777 876.395
561.733 876.932
563.725 877.249
565.734 877.416
567.75 877.445
569.762 877.391
571.769 877.293
573.774 877.186
575.78 877.156
577.791 877.175
579.791 877.21
581.785 877.276
583.784 877.342
585.791 877.387
587.803 877.446
589.822 877.506
591.843 877.526
593.859 877.551
595.879 877.601
597.904 877.662
599.932 877.718
601.945 877.752
603.961 877.758
605.975 877.839
607.913 878.393
609.788 879.211
611.764 879.636
613.788 879.797
615.822 879.806
617.853 879.821
619.887 879.844
621.927 879.886
623.974 879.872
626.025 879.848
628.032 880.2
629.962 880.96
631.99 881.253
634.049 881.361
636.107 881.402
638.163 881.297
640.19 880.898
642.21 880.472
644.213 879.995
646.258 879.891
648.312 880.002
650.356 880.305
652.409 880.604
654.483 880.742
656.572 880.712
658.667 880.732
660.767 880.831
662.877 880.945
664.995 881.084
667.091 881.408
669.053 882.269
670.742 883.632
672.385 885.05
673.522 886.889
674.595 888.778
675.814 890.589
676.944 892.471
677.928 894.441
679.222 896.261
680.454 898.127
681.685 900.024
683.092 901.813
684.37 903.705
685.332 905.807
686.282 907.912
687.627 909.806
689.029 911.704
689.98 913.877
691.349 915.797
692.906 917.594
694.107 919.655
695.56 921.571
697.09 923.424
698.339 925.465
699.784 927.416
701.185 929.399
702.411 931.465
703.716 933.484
705.112 935.479
706.347 937.563
707.878 939.45
709.286 941.419
710.536 943.511
711.892 945.538
713.475 947.395
715.067 949.249
716.438 951.267
717.737 953.333
719.262 955.247
720.652 957.254
721.859 959.356
723.287 961.345
724.752 963.282
726.061 965.314
727.587 967.224
729.309 968.969
730.602 971.006
731.914 973.037
733.292 975.011
734.464 977.104
735.933 979.004
737.321 980.979
738.401 983.141
739.722 985.132
741.41 986.825
742.936 988.635
744.222 990.622
745.472 992.62
746.937 994.45
748.639 996.067
750.368 997.635
751.837 999.464
753.454 1001.16
755.401 1002.38
757.475 1003.4
759.587 1004.33
761.778 1005.07
764.047 1005.48
766.344 1005.68
768.639 1005.87
770.877 1006.41
773.077 1007.15
775.366 1007.43
777.658 1007.57
779.945 1007.78
782.23 1008.04
784.497 1008.41

13

542.852 381.333
540.861 381.477
538.837 380.619
536.727 380.264
535.523 378.587
535.714 376.624
537.063 374.795
538.867 373.45
540.954 372.735
542.661 374.128
544.12 375.755
544.524 377.95
544.336 380.094

