CONTOUR

2

1713

557.612 1015.71
559.785 1015.64
561.967 1015.55
564.147 1015.43
566.328 1015.22
568.454 1014.74
570.468 1013.87
572.527 1013.13
574.306 1011.84
576.083 1010.56
577.981 1009.43
579.528 1007.86
580.918 1006.18
581.529 1004.12
581.741 1001.97
581.754 999.809
581.669 997.645
581.643 995.487
581.572 993.335
581.337 991.2
581.093 989.072
580.959 986.946
580.971 984.82
581.202 982.701
581.318 980.572
581.441 978.456
581.567 976.34
581.649 974.24
581.72 972.143
581.716 970.04
581.585 967.945
581.212 965.897
580.561 963.93
579.778 961.993
579.158 960.013
578.853 957.973
578.801 955.918
579.036 953.871
579.602 951.889
580.395 949.976
581.106 948.054
581.374 946.038
581.423 943.994
581.327 941.955
581.133 939.924
580.991 937.878
581.171 935.823
581.644 933.834
582.456 931.956
583.266 930.06
583.444 928.036
583.186 926.022
582.738 924.035
582.325 922.039
581.966 920.032
581.654 918.02
581.441 915.998
580.881 914.053
579.784 912.285
578.954 910.408
578.538 908.41
578.433 906.381
578.559 904.359
578.964 902.382
579.83 900.535
580.984 898.844
582.681 897.8
584.664 897.346
586.595 896.746
588.353 895.695
590.178 894.776
592.043 893.953
594.075 893.761
596.124 893.642
598.156 893.377
600.148 892.852
602.148 892.339
604.086 891.614
605.964 890.725
607.881 889.905
609.892 889.337
611.861 888.642
613.716 887.678
615.632 886.826
617.529 885.894
619.581 885.519
621.669 885.293
623.717 884.82
625.728 884.18
627.682 883.36
629.645 882.567
631.643 881.872
633.659 881.26
635.67 880.584
637.66 879.827
639.724 879.333
641.761 878.785
643.81 878.277
645.896 877.896
647.889 877.173
649.714 876.045
651.49 874.865
653.399 873.967
655.47 873.484
657.537 873.005
659.423 871.952
661.475 871.406
663.531 870.852
665.517 870.024
667.571 869.468
669.649 869.004
671.759 868.673
673.86 868.275
675.827 867.418
677.78 866.512
679.812 865.816
681.891 865.275
683.9 864.516
685.819 863.546
687.745 862.558
689.78 861.834
691.803 861.151
693.566 859.929
695.386 858.836
697.428 858.312
699.515 857.947
701.606 857.566
703.644 856.981
705.503 855.871
707.515 855.109
709.422 854.098
711.465 853.461
713.487 852.814
715.493 852.159
717.478 851.419
719.468 850.625
721.51 850
723.576 849.511
725.602 848.882
727.56 848.003
729.627 847.471
731.614 846.687
733.568 845.803
735.611 845.213
737.649 844.587
739.652 843.881
741.609 843.04
743.552 842.154
745.511 841.268
747.556 840.614
749.571 839.916
751.576 839.202
753.482 838.18
755.531 837.624
757.61 837.154
759.504 836.139
761.398 835.126
763.448 834.486
765.474 833.784
767.498 833.109
769.517 832.384
771.555 831.726
773.565 831
775.498 830.057
777.551 829.443
779.638 828.999
781.667 828.33
783.629 827.411
785.646 826.612
787.698 825.933
789.774 825.345
791.817 824.605
793.882 823.898
795.98 823.27
798.018 822.439
800.146 821.959
802.292 822.315
804.135 823.571
805.65 825.234
807.095 826.962
808.292 828.878
809.834 830.518
811.478 832.117
812.593 834.143
813.859 836.072
815.562 837.69
816.929 839.589
818.025 841.683
819.73 843.339
821.402 845.02
822.833 846.915
824.318 848.737
825.857 850.518
827.392 852.311
829.176 853.872
830.658 855.708
832.031 857.657
833.705 859.364
835.317 861.114
837.015 862.809
838.748 864.395
840.248 866.196
841.739 868.003
843.547 869.532
845.076 871.326
846.589 873.097
848.21 874.741
849.866 876.368
851.709 877.8
853.237 879.576
855.01 881.089
856.84 882.456
858.604 883.904
860.261 885.467
861.348 887.429
861.7 889.663
861.681 891.943
861.618 894.222
861.912 896.453
863.187 898.31
864.943 899.781
866.895 900.968
869.11 901.471
871.403 901.724
873.582 902.435
875.515 903.685
877.219 905.288
879.212 906.438
881.305 907.337
883.456 908.059
885.678 908.423
887.928 908.293
890.112 907.74
892.187 906.796
894.3 905.971
896.473 905.308
898.676 904.747
900.921 904.354
903.164 903.939
905.425 903.583
907.608 902.929
909.699 901.986
911.916 901.45
914.135 900.908
916.127 899.858
917.375 898.002
917.94 895.788
918.223 893.5
917.84 891.234
917.185 889.031
915.87 887.109
914.601 885.118
913.392 883.108
911.789 881.354
910.644 879.293
909.415 877.263
908.202 875.245
906.82 873.331
905.619 871.301
904.371 869.297
902.999 867.366
901.635 865.429
900.392 863.409
899.046 861.447
897.993 859.345
897.113 857.172
895.953 855.109
894.747 853.065
893.394 851.125
891.721 849.428
890.328 847.519
889.255 845.411
887.991 843.415
886.66 841.456
885.474 839.419
884.266 837.38
882.878 835.474
881.471 833.59
880.058 831.706
879.045 829.603
877.871 827.598
876.759 825.569
875.298 823.753
874.05 821.823
873.156 819.734
871.839 817.884
870.572 816.014
869.431 814.09
868.449 812.111
867.228 810.269
865.944 808.489
864.722 806.68
864.031 804.633
864.008 802.458
864.551 800.345
865.725 798.568
867.599 797.527
869.61 796.717
871.537 795.699
873.509 794.774
875.529 793.991
877.579 793.29
879.522 792.303
881.463 791.321
883.222 790.033
885.105 788.904
886.419 787.165
887.775 785.466
889.103 783.72
890.019 781.76
890.917 779.789
891.84 777.825
892.385 775.747
892.794 773.645
893.193 771.557
893.525 769.453
894.069 767.386
894.648 765.33
895.155 763.26
895.403 761.161
895.52 759.061
895.63 756.956
895.758 754.857
895.932 752.766
896.239 750.697
896.517 748.632
896.773 746.57
897.028 744.514
897.33 742.471
897.441 740.422
897.494 738.381
897.59 736.351
897.81 734.331
897.948 732.3
898.047 730.266
898.202 728.235
898.437 726.224
898.568 724.206
898.67 722.179
898.756 720.142
898.888 718.12
898.998 716.099
899.154 714.079
899.389 712.065
899.568 710.066
899.669 708.06
899.796 706.049
900.161 704.063
900.741 702.119
901.081 700.135
901.283 698.136
901.353 696.136
901.365 694.136
901.38 692.132
901.414 690.122
901.535 688.111
901.735 686.113
901.825 684.106
901.898 682.093
902.116 680.087
902.471 678.094
902.801 676.094
903.16 674.104
903.287 672.095
903.265 670.088
903.351 668.09
903.455 666.094
903.594 664.095
903.778 662.097
903.868 660.088
903.904 658.076
903.982 656.075
904.309 654.096
904.589 652.11
904.844 650.121
905.122 648.131
905.363 646.135
905.448 644.127
905.521 642.126
905.63 640.132
905.873 638.149
905.977 636.153
906.037 634.149
906.181 632.144
906.406 630.144
906.602 628.137
906.771 626.117
906.885 624.084
906.912 622.064
906.912 620.051
906.914 618.037
906.989 616.025
907.242 614.035
907.478 612.042
907.695 610.04
907.835 608.03
907.926 606.021
908.024 604.013
908.205 602.012
908.424 600.019
908.655 598.023
908.772 596.02
908.874 594.013
909.003 592.006
909.169 590.012
909.207 588.015
909.217 586.019
909.268 584.022
909.356 582.028
909.372 580.034
909.37 578.039
909.36 576.044
909.353 574.056
909.358 572.068
909.392 570.076
909.486 568.084
909.654 566.1
909.739 564.106
909.809 562.106
909.831 560.094
909.809 558.083
909.803 556.072
909.802 554.061
909.797 552.05
909.785 550.038
909.782 548.027
909.783 546.016
909.802 544.005
909.843 541.999
909.846 539.995
909.854 537.99
909.98 535.991
910.296 534.01
910.371 532.012
910.372 530.011
910.399 528.01
910.469 526.016
910.524 524.025
910.55 522.034
910.553 520.039
910.582 518.034
910.654 516.03
910.668 514.024
910.689 512.01
910.77 509.999
910.784 507.986
910.795 505.974
910.915 503.967
911.187 501.981
911.245 499.983
911.244 497.983
911.274 495.983
911.354 493.99
911.374 491.997
911.375 490.004
911.387 488.011
911.418 486.021
911.444 484.033
911.45 482.041
911.531 480.036
911.668 478.054
911.768 476.06
911.881 474.053
911.992 472.04
912.106 470.04
912.138 468.039
912.15 466.038
912.206 464.037
912.3 462.036
912.326 460.033
912.328 458.029
912.332 456.025
912.344 454.02
912.346 452.014
912.357 450.008
912.413 448.003
912.513 446.005
912.54 444.007
912.538 442.008
912.521 440.009
912.492 438.013
912.485 436.018
912.474 434.023
912.432 432.028
912.406 430.034
912.536 428.039
912.683 426.041
912.691 424.036
912.556 422.038
912.549 420.039
912.655 418.042
912.76 416.041
912.796 414.035
912.871 412.028
912.928 410.021
912.954 408.014
912.958 406.009
912.957 404.005
912.958 402.001
912.968 399.996
912.989 397.992
912.993 395.987
912.993 393.982
912.992 391.976
912.989 389.971
912.987 387.965
913.023 385.959
913.202 383.962
913.426 381.978
913.471 379.984
913.476 377.989
913.479 375.994
913.488 374.001
913.497 372.005
913.508 370.005
913.619 368.003
913.855 366.015
913.922 364.016
913.972 362.012
914.109 360.008
914.27 358.003
914.313 355.992
914.296 353.981
914.183 351.972
913.971 349.975
913.918 347.97
913.842 345.967
913.699 343.967
913.526 341.974
913.499 339.972
913.508 337.97
913.514 335.966
913.516 333.962
913.514 331.957
913.51 329.951
913.511 327.944
913.506 325.934
913.505 323.922
913.505 321.908
913.502 319.891
913.499 317.871
913.492 315.848
913.478 313.822
913.365 311.795
913.145 309.763
913.075 307.717
913.077 305.664
913.091 303.604
913.085 301.538
913.082 299.466
913.076 297.385
913.043 295.298
912.965 293.208
912.875 291.107
912.805 288.991
912.721 286.866
912.584 284.73
912.445 282.587
912.298 280.437
912.211 278.269
912.217 276.081
912.1 273.89
911.788 271.705
911.428 269.525
910.856 267.38
909.906 265.345
909.366 263.192
908.657 261.084
907.583 259.124
906.307 257.272
905.12 255.342
903.621 253.622
901.789 252.235
900.221 250.597
898.579 249.028
897.138 247.232
895.525 245.594
893.77 244.101
892.206 242.444
890.474 240.959
888.981 239.222
887.249 237.713
885.342 236.464
883.417 235.22
881.55 233.899
879.913 232.317
878.49 230.558
877.303 228.646
875.86 226.901
874.455 225.126
873.386 223.113
872.21 221.14
871.016 219.16
869.484 217.414
867.983 215.624
866.622 213.713
865.499 211.672
864.458 209.576
863.297 207.537
861.842 205.655
860.869 203.526
859.785 201.454
858.527 199.464
857.313 197.447
855.993 195.487
854.959 193.373
853.734 191.357
852.774 189.204
851.637 187.144
850.374 185.16
849.235 183.092
847.981 181.057
847.203 178.812
846.072 176.713
845.216 174.505
843.88 172.565
842.35 170.771
840.841 168.981
839.321 167.159
837.78 165.308
836.491 163.316
835.057 161.437
833.713 159.484
832.473 157.479
831.175 155.517
829.659 153.687
828.319 151.722
826.746 149.943
825.154 148.217
823.615 146.418
821.974 144.722
820.431 142.958
818.933 141.104
817.336 139.357
815.486 137.831
813.731 136.235
812.266 134.355
810.624 132.647
808.981 130.943
807.057 129.508
805.283 127.904
803.526 126.277
801.689 124.774
799.693 123.474
797.75 122.112
795.695 120.989
793.809 119.582
792.03 118.03
790.017 116.88
788.021 115.726
786.031 114.543
783.926 113.582
782.089 112.242
780.199 111.013
778.24 109.885
776.059 109.292
774.004 108.436
772.048 107.369
770.034 106.448
767.92 105.851
765.782 105.427
763.666 104.929
761.684 103.957
759.572 103.503
757.44 103.174
755.301 102.93
753.209 102.495
751.143 101.929
749.037 101.623
746.91 101.541
744.798 101.386
742.715 101.004
740.624 100.751
738.525 100.623
736.423 100.538
734.322 100.502
732.223 100.495
730.127 100.495
728.031 100.499
725.932 100.522
723.836 100.594
721.745 100.659
719.658 100.69
717.564 100.714
715.472 100.799
713.381 100.887
711.289 100.886
709.195 100.754
707.166 100.269
705.336 99.2125
703.512 98.1234
701.674 97.1091
699.958 95.8619
697.992 95.0547
696.206 93.9045
694.328 92.9724
692.442 92.046
690.657 90.878
688.731 90.0142
686.733 89.2963
684.857 88.2793
682.979 87.25
681.195 86.0428
679.218 85.2086
677.226 84.3978
675.326 83.3662
673.403 82.3949
671.38 81.6618
669.314 81.0288
667.411 79.9521
665.355 79.2897
663.377 78.4213
661.34 77.7604
659.225 77.4075
657.134 76.9372
655.14 76.1168
653.188 75.1905
651.169 74.4742
649.095 73.9671
647.018 73.4802
644.902 73.1778
642.819 72.667
640.801 71.8797
638.718 71.3486
636.595 70.9713
634.477 70.5714
632.39 70.0464
630.318 69.4112
628.177 69.1559
626.014 69.0482
623.858 68.837
621.692 68.6406
619.511 68.5843
617.325 68.6489
615.141 68.869
612.955 69.0614
610.754 69.1761
608.55 69.3457
606.383 69.8183
604.212 70.2606
602.009 70.6013
599.832 71.1343
597.676 71.7684
595.624 72.7242
593.513 73.5413
591.396 74.3974
589.414 75.5202
587.492 76.7457
585.555 77.961
583.789 79.4818
582.186 81.1309
580.601 82.7749
578.949 84.4022
577.27 85.9636
575.645 87.6049
574.113 89.3463
572.749 91.2066
571.074 92.7969
569.389 94.3716
567.91 96.1347
566.598 98.0213
565.486 100.034
564.404 102.05
563.097 103.944
561.599 105.727
560.56 107.785
559.549 109.845
558.321 111.803
557.441 113.909
556.61 116.02
555.761 118.104
554.639 120.074
553.747 122.146
553.176 124.317
552.257 126.346
551.419 128.396
550.75 130.48
550.171 132.602
549.54 134.689
548.807 136.732
548.145 138.785
547.477 140.83
546.962 142.903
546.472 144.968
546.097 147.049
545.759 149.134
545.518 151.222
545.328 153.301
545.238 155.387
545.087 157.471
544.695 159.53
544.306 161.589
543.875 163.631
543.771 165.694
544.057 167.75
544.271 169.805
544.32 171.868
544.327 173.928
544.336 175.988
544.375 178.058
544.464 180.125
544.644 182.185
545.068 184.216
545.257 186.265
545.323 188.317
545.394 190.36
545.585 192.396
545.807 194.436
546.13 196.474
546.404 198.521
546.616 200.578
546.92 202.627
547.459 204.637
548.016 206.64
548.498 208.645
548.882 210.671
549.354 212.688
549.808 214.712
550.445 216.702
551.024 218.713
551.542 220.75
552.231 222.736
552.939 224.716
553.394 226.748
553.725 228.814
554.351 230.82
555.179 232.761
556.09 234.673
556.787 236.665
557.304 238.704
557.602 240.797
557.673 242.925
557.595 245.059
557.494 247.19
557.501 249.318
557.937 251.371
559.212 253.089
560.589 254.722
561.819 256.463
562.564 258.471
563.223 260.527
563.902 262.581
564.55 264.656
565.187 266.724
565.728 268.818
566.341 270.897
566.941 272.998
567.535 275.09
568.22 277.174
568.322 279.323
567.131 281.138
565.519 282.632
563.879 284.087
562.027 285.292
560.542 286.879
559.138 288.568
557.473 289.99
555.727 291.318
554.123 292.805
552.92 294.651
551.418 296.271
549.824 297.826
548.541 299.667
546.833 301.046
544.783 301.885
542.719 302.731
540.548 303.211
538.319 303.367
536.088 303.542
533.914 304.055
531.71 304.342
529.501 304.565
527.294 304.835
525.076 305.153
522.835 305.376
520.608 305.716
518.425 306.298
516.3 307.067
514.192 307.854
512.127 308.754
510.259 309.941
508.719 311.548
507.279 313.272
505.572 314.739
503.837 316.139
502.018 317.405
500.598 319.109
498.988 320.595
497.313 321.993
495.538 323.331
493.636 324.454
491.622 325.326
489.505 325.914
487.431 326.634
485.316 327.173
483.147 327.342
480.971 327.509
478.841 327.892
476.757 328.607
474.635 329.14
472.504 329.567
470.468 330.292
468.458 331.13
466.516 332.171
464.467 332.914
462.32 333.297
460.147 333.52
458.069 334.096
456.244 335.317
454.424 336.517
452.501 337.53
450.461 338.351
448.37 339.048
446.183 339.189
444.005 339.382
441.915 340.046
439.881 340.864
437.982 341.897
436.198 343.175
434.124 343.795
432.144 344.658
430.247 345.678
428.371 346.766
426.437 347.736
424.437 348.542
422.458 349.44
420.425 350.234
418.342 350.89
416.194 351.243
414.005 351.354
411.814 351.48
409.704 351.992
407.737 352.967
405.837 354.054
403.986 355.235
402.073 356.341
400.055 357.22
398.009 358.066
395.967 358.926
393.814 359.44
391.644 359.897
389.579 360.733
387.513 361.532
385.514 362.521
383.554 363.644
381.454 364.395
379.364 365.151
377.383 366.181
375.494 367.417
373.568 368.577
371.657 369.76
370.277 371.516
369.328 373.551
368.588 375.673
368.319 377.916
368.212 380.183
368.267 382.462
368.25 384.753
368.164 387.03
367.717 389.291
366.563 391.289
365.021 393.024
363.213 394.467
361.42 395.938
359.463 397.197
357.472 398.397
355.621 399.818
353.85 401.367
351.915 402.717
350.128 404.235
348.387 405.785
346.664 407.385
344.836 408.84
342.754 409.915
340.776 411.198
338.986 412.76
337.183 414.266
335.358 415.805
334.539 416.691
333.719 417.577
332.22 419.43
330.719 421.29
329.451 423.315
328.007 425.218
327.138 427.391
326.353 429.601
325.492 431.782
324.815 434.024
324.069 436.249
323.122 438.4
322.198 440.554
321.609 442.807
321.25 445.105
320.725 447.377
320.107 449.624
319.431 451.849
318.637 454.03
317.621 456.133
316.762 458.3
315.689 460.374
314.479 462.362
313.333 464.389
312.131 466.405
311.167 468.54
310.34 470.718
309.639 472.935
309.517 475.236
310.032 477.467
311.425 479.24
313.583 479.925
315.85 479.738
317.792 478.562
319.545 477.086
321.246 475.539
323.227 474.439
325.499 474.259
327.716 474.692
329.696 475.765
331.566 477.056
333.663 477.846
335.722 478.756
337.805 479.585
339.954 480.167
342.042 480.961
343.888 482.257
345.474 483.831
346.987 485.467
348.116 487.375
348.665 489.517
349.504 491.516
351.061 493.077
352.497 494.662
354.001 496.183
355.7 497.49
357.513 498.674
359.048 500.192
359.19 502.266
357.84 504.024
356.597 505.798
355.334 507.572
353.868 509.152
351.976 510.218
350.117 511.335
348.205 512.311
346.349 513.386
344.593 514.668
342.644 515.56
340.622 516.3
338.613 517.097
336.574 517.787
334.572 518.63
332.491 519.276
330.376 519.806
328.35 520.595
326.326 521.4
324.229 521.961
322.176 522.657
320.166 523.466
318.202 524.379
316.232 525.268
314.428 526.455
313.117 528.16
311.975 530.031
311.28 532.091
310.711 534.176
310.475 536.329
310.375 538.486
310.304 540.64
310.276 542.79
310.343 544.932
310.366 547.068
310.38 549.199
310.44 551.323
310.514 553.434
310.527 555.54
310.547 557.642
310.679 559.736
310.896 561.828
311.079 563.913
311.165 565.993
311.257 568.067
311.327 570.138
311.427 572.207
311.557 574.274
311.696 576.342
311.745 578.419
311.767 580.5
311.835 582.586
311.82 584.68
311.137 586.642
309.751 588.25
308.042 589.509
306.078 590.364
304.198 591.406
302.216 592.253
300.264 593.184
298.15 593.768
296.234 594.834
294.365 596.036
292.302 596.813
290.223 597.6
288.229 598.616
286.202 599.61
284.174 600.616
282.031 601.386
279.816 601.988
277.761 602.966
275.801 604.17
273.712 605.136
271.532 605.954
269.66 607.357
267.898 608.89
266.154 610.423
264.578 612.177
262.795 613.708
261.352 615.563
260.005 617.515
258.529 619.364
257.165 621.299
255.569 623.097
253.875 624.741
252.195 626.357
250.583 628.071
249.109 629.859
247.486 631.513
245.764 633.05
244.089 634.577
242.613 636.301
241.124 637.963
239.552 639.559
238.085 641.224
236.735 642.96
235.231 644.598
233.562 646.069
232.118 647.748
230.95 649.691
229.555 651.506
228.46 653.512
227.238 655.489
225.841 657.377
224.731 659.436
223.325 661.333
221.905 663.217
221.037 665.392
219.982 667.474
218.724 669.46
217.628 671.529
216.545 673.61
215.27 675.591
213.857 677.478
212.676 679.496
211.458 681.49
210.313 683.511
209.292 685.589
207.934 687.504
206.848 689.557
205.739 691.583
204.802 693.675
203.655 695.667
202.259 697.524
201.189 699.548
200.008 701.507
199.06 703.577
197.863 705.525
197.029 707.624
196.159 709.705
194.976 711.643
193.697 713.514
192.738 715.545
191.615 717.507
190.598 719.517
189.575 721.52
188.763 723.596
188.071 725.71
187.135 727.741
186.163 729.764
185.577 731.906
185.077 734.057
184.25 736.125
183.437 738.197
182.649 740.276
181.845 742.343
180.936 744.355
179.889 746.305
178.804 748.237
177.975 750.269
177.408 752.398
176.611 754.439
175.512 756.346
174.311 758.187
173.406 760.171
172.692 762.247
171.735 764.227
170.63 766.122
169.607 768.058
168.805 770.112
168.067 772.186
167.091 774.161
165.966 776.083
165.249 778.186
164.454 780.259
163.636 782.319
162.728 784.358
162.198 786.51
161.822 788.705
161.534 790.914
160.983 793.058
159.826 795
159.058 797.103
157.932 799.05
157.019 801.062
155.879 802.956
154.81 804.904
154.049 806.985
153.504 809.14
152.941 811.275
151.698 813.113
150.14 814.722
148.623 816.357
146.877 817.731
145.24 819.24
143.492 820.638
141.736 822.017
140.27 823.701
138.698 825.307
137.55 827.188
137.189 829.375
137.123 831.62
137.144 833.881
137.196 836.143
137.136 838.402
136.72 840.629
136.241 842.849
135.721 845.049
135.197 847.265
133.969 849.18
132.443 850.835
130.655 852.237
129.157 853.902
127.684 855.634
126.317 857.46
125.237 859.445
124.183 861.448
122.82 863.273
121.077 864.702
119.225 865.999
117.255 867.17
115.387 868.488
113.553 869.84
111.904 871.453
110.463 873.22
108.903 874.838
107.2 876.347
105.805 878.084
105.235 880.274
104.375 882.331
103.108 884.202
101.551 885.815
99.8777 887.304
98.027 888.545
96.022 889.488
94.0558 890.425
92.1308 891.425
90.1513 892.341
88.0274 892.709
85.8629 892.635
83.7042 892.576
81.5447 892.576
79.3893 892.556
77.2358 892.455
75.0869 892.245
72.9325 892.044
70.7616 891.998
68.6836 891.462
66.6814 890.628
64.6389 889.928
62.5127 889.551
60.3608 889.322
58.187 889.211
56.0144 889.155
53.8259 889.123
51.6271 889.108
49.4211 889.113
47.2087 889.137
44.9991 889.23
42.7943 889.459
40.6446 889.986
38.6809 891.065
36.7556 892.255
34.8113 893.441
33.3093 895.187
31.5483 896.628
29.8124 898.085
28.6875 900.036
27.8724 902.16
26.9791 904.279
26.4481 906.521
26.0429 908.806
25.5073 911.061
24.4363 913.091
23.2385 915.061
22.3086 917.174
21.5084 919.343
21.0882 921.607
20.9957 923.923
21.196 926.231
21.8321 928.457
22.6737 930.626
23.6917 932.729
25.2345 934.5
26.6312 936.377
28.1719 938.142
29.7729 939.845
31.6336 941.276
33.5356 942.656
35.4799 943.972
37.415 945.323
39.4377 946.524
41.4383 947.763
43.5563 948.717
45.7256 949.554
47.8098 950.607
49.8379 951.801
51.7468 953.167
53.7228 954.389
55.6334 955.741
57.4462 957.225
59.2712 958.625
61.1309 959.99
63.0898 961.2
65.1357 962.177
67.0373 963.401
69.0173 964.476
71.1299 965.231
73.2649 965.879
75.2672 966.85
77.3376 967.642
79.3678 968.517
81.3912 969.362
83.4707 969.987
85.5382 970.632
87.5651 971.405
89.5677 972.215
91.6253 972.788
93.7125 973.223
95.8278 973.52
97.9468 973.678
100.059 973.806
102.165 973.891
104.27 973.901
106.374 973.901
108.471 973.957
110.558 974.165
112.62 974.457
114.689 974.576
116.763 974.666
118.839 974.753
120.918 974.793
122.994 974.855
125.064 974.966
127.122 975.176
129.18 975.397
131.251 975.454
133.328 975.473
135.409 975.52
137.488 975.582
139.579 975.654
141.637 975.946
143.457 977.027
145.029 978.458
145.688 980.494
146.417 982.473
147.899 983.961
149.667 985.128
151.702 985.671
153.803 986.023
155.911 986.404
158.047 986.672
160.206 986.767
162.374 986.829
164.552 986.901
166.743 986.959
168.943 987.002
171.149 987.036
173.352 986.886
175.544 986.645
177.723 986.35
179.869 985.819
181.934 985.061
183.843 983.864
185.896 982.915
187.774 981.658
189.639 980.358
191.228 978.728
192.612 976.939
193.492 974.845
194.193 972.642
195.388 970.691
197.041 969.057
198.601 967.306
200.309 965.707
202.311 964.511
204.282 963.226
205.847 961.505
207.259 959.623
208.183 957.487
208.683 955.21
208.908 952.877
209.004 950.534
209.084 948.196
209.316 945.87
210.095 943.67
211.633 941.932
213.535 940.577
215.232 939.009
216.747 937.305
217.926 935.361
219.24 933.466
220.647 931.657
221.996 929.807
223.584 928.099
225.089 926.364
226.372 924.488
227.722 922.644
229.187 920.899
230.512 919.049
231.775 917.107
233.318 915.374
234.591 913.468
235.889 911.555
237.37 909.761
238.821 907.969
239.924 905.934
241.12 903.942
241.957 901.777
243.411 899.964
245.051 898.286
247.081 897.185
249.202 896.249
251.345 895.394
253.444 894.436
255.481 893.362
257.351 891.97
259.18 890.562
261.074 889.242
262.849 887.742
264.53 886.192
266.339 884.837
268.162 883.442
269.729 881.786
271.477 880.367
273.311 879.019
275.034 877.545
276.847 876.166
278.634 874.774
280.684 873.91
282.921 873.813
285.149 874.102
287.364 874.449
289.55 874.913
291.573 875.858
293.486 877.03
295.55 877.898
297.489 879.05
299.5 880.03
301.186 881.524
302.346 883.467
303.244 885.551
303.222 887.796
302.714 890.004
302.261 892.224
301.901 894.458
301.575 896.696
301.553 898.96
301.8 901.206
302.714 903.276
304.015 905.152
305.657 906.743
307.369 908.276
309.273 909.588
310.79 911.326
312.274 913.06
314.196 914.288
316.049 915.633
317.998 916.808
320.035 917.878
321.913 919.258
323.933 920.423
325.938 921.605
327.905 922.877
329.793 924.349
331.765 925.677
333.544 927.24
335.227 928.925
337.017 930.48
338.114 932.555
338.893 934.799
339.298 937.145
340.047 939.396
341.342 941.394
342.96 943.167
344.575 944.881
346.394 946.319
348.253 947.71
350.215 948.932
352.297 949.991
354.208 951.371
356.209 952.58
358.229 953.709
360.192 954.959
362.072 956.351
363.971 957.696
365.781 959.155
367.832 960.264
369.814 961.503
371.781 962.742
373.704 964.032
375.733 965.15
377.834 966.105
379.945 966.987
382.175 967.385
384.419 967.477
386.634 967.155
388.651 966.229
390.072 964.502
391.435 962.742
392.625 960.878
393.395 958.809
394.011 956.675
395.394 954.977
397.401 954.056
399.61 953.978
401.653 954.792
403.237 956.378
404.508 958.227
405.167 960.354
405.325 962.609
405.69 964.822
406.621 966.893
407.544 968.956
408.699 970.898
410.117 972.665
412.066 973.943
413.596 975.696
415.325 977.258
417.233 978.568
419.112 979.914
421.163 980.983
423.103 982.215
424.954 983.593
427.022 984.51
429.251 985.023
431.502 985.455
433.77 985.617
436.001 985.385
437.889 984.227
439.259 982.437
439.951 980.316
440.184 978.081
439.955 975.845
439.743 973.617
439.406 971.428
438.773 969.309
438.116 967.195
437.598 965.049
436.711 963.077
435.187 961.444
434.403 959.464
434.217 957.331
434.293 955.195
434.502 953.075
434.741 950.954
434.951 948.834
435.158 946.716
435.231 944.597
435.173 942.482
435.329 940.382
435.635 938.303
435.937 936.228
436.162 934.168
436.354 932.114
436.55 930.065
436.851 928.038
437.293 926.035
437.506 924.008
437.674 921.978
438.049 919.985
438.725 918.054
439.175 916.075
439.372 914.031
439.704 912.009
440.405 910.08
440.775 908.072
440.977 906.032
441.47 904.059
441.99 902.072
442.239 900.032
442.419 897.977
442.575 895.909
442.739 893.864
442.882 891.817
443.147 889.771
443.675 887.762
444.375 885.818
444.836 883.815
445.246 881.799
445.741 879.787
446.565 877.874
447.297 875.933
447.652 873.886
448.104 871.854
448.896 869.933
449.551 867.97
450.234 865.993
451.028 864.042
452.247 862.331
453.972 861.141
456.042 860.522
458.201 860.282
460.343 860.593
462.334 861.42
464.009 862.844
465.758 864.219
467.345 865.815
469.161 867.147
471.06 868.429
472.877 869.795
474.468 871.44
476.121 873.046
477.836 874.578
479.532 876.19
481.342 877.635
483.322 878.865
485.388 879.96
487.061 881.619
488.651 883.351
490.163 885.149
491.666 887.002
493.025 888.938
494.353 890.858
495.855 892.649
497.573 894.204
499.43 895.639
501.314 897.031
503.423 897.99
505.529 898.95
507.512 900.147
509.575 901.145
511.627 902.178
513.48 903.555
515.351 904.858
517.496 905.576
519.623 906.338
521.536 907.531
523.333 908.892
524.928 910.452
525.883 912.442
526.337 914.61
526.448 916.828
526.12 919.008
525.307 921.063
524.252 923.002
523.24 924.964
522.512 927.035
522.247 929.207
522.106 931.391
521.996 933.576
521.963 935.764
522.006 937.945
522.171 940.121
522.399 942.287
522.929 944.387
523.964 946.314
525.176 948.111
526.732 949.647
527.851 951.504
529.161 953.224
530.644 954.769
532.192 956.299
533.238 958.15
533.525 960.26
533.541 962.4
533.5 964.538
533.317 966.672
532.854 968.771
532.519 970.887
532.478 973.029
532.764 975.149
533.218 977.257
533.684 979.336
534.593 981.275
535.4 983.255
535.694 985.359
535.838 987.489
535.936 989.629
535.83 991.776
535.708 993.928
535.738 996.09
535.97 998.24
536.598 1000.33
537.027 1002.46
537.166 1004.63
537.423 1006.78
538.215 1008.77
539.541 1010.48
541.092 1011.99
542.903 1013.16
544.836 1014.1
546.858 1014.82
548.96 1015.31
551.109 1015.56
553.275 1015.64
555.443 1015.68

36

347.386 468.263
345.713 468.18
344.796 466.619
344.459 464.627
343.732 462.593
343.393 460.364
343.435 458.32
342.638 456.305
342.487 454.371
342.485 452.462
342.785 450.566
343.747 448.923
345.636 448.282
347.074 446.711
348.738 445.61
350.581 444.634
352.446 443.712
354.195 442.518
356.076 441.532
358.076 440.611
360.204 440.481
362.256 440.792
362.448 442.759
361.122 444.62
359.734 446.572
359.523 448.809
359.43 451.067
359.071 453.269
358.282 455.286
356.703 456.885
355.529 458.718
354.375 460.529
353.153 462.325
351.665 463.821
350.291 465.458
348.712 466.768

