CONTOUR

1

1510

1105.64 1034.22
1107.78 1034.38
1109.92 1034.45
1112.07 1034.42
1114.21 1034.39
1116.35 1034.37
1118.48 1034.27
1120.61 1033.99
1122.75 1033.88
1124.88 1033.77
1127 1033.57
1129.05 1033.01
1130.97 1032.02
1133.08 1031.66
1135.17 1031.2
1137.05 1030.21
1139.04 1029.55
1141.02 1028.89
1142.9 1027.97
1144.22 1026.37
1145.39 1024.65
1145.78 1022.64
1145.78 1020.56
1145.63 1018.48
1145.41 1016.4
1145.21 1014.3
1145.14 1012.21
1144.93 1010.13
1144.59 1008.06
1144.72 1005.99
1145.57 1004.1
1147.19 1002.85
1149.23 1002.96
1151.19 1003.74
1153.17 1004.41
1155.17 1004.99
1157.21 1005.41
1159.29 1005.77
1161.3 1006.44
1163.27 1007.28
1165.36 1007.52
1167.5 1007.52
1169.63 1007.49
1171.76 1007.37
1173.88 1006.99
1175.98 1006.43
1178.01 1005.65
1180.04 1004.88
1181.79 1003.59
1183.42 1002.09
1184.61 1000.22
1185.62 998.246
1186.5 996.219
1187.41 994.179
1188.05 992.047
1188.51 989.862
1189.01 987.675
1189.4 985.463
1189.68 983.236
1189.89 980.992
1189.97 978.732
1189.85 976.468
1189.59 974.214
1189.29 971.96
1188.85 969.729
1188.46 967.491
1187.93 965.278
1186.97 963.185
1185.97 961.112
1185.15 958.954
1184.01 956.944
1182.64 955.05
1181.53 953.016
1180.27 951.046
1178.93 949.088
1177.49 947.229
1175.68 945.655
1174.26 943.779
1172.89 941.885
1171.26 940.253
1169.5 938.762
1167.57 937.474
1165.76 936.028
1163.96 934.646
1162.06 933.376
1159.93 932.506
1157.99 931.335
1156.01 930.287
1153.91 929.504
1151.78 928.798
1149.69 928.001
1147.6 927.182
1145.61 926.169
1143.49 925.537
1141.3 925.236
1139.09 925.122
1136.88 924.928
1134.73 924.39
1132.65 923.619
1130.58 922.823
1128.42 922.339
1126.25 922.017
1124.06 921.834
1121.86 921.689
1119.68 921.343
1117.62 920.571
1115.66 919.507
1113.7 918.502
1111.66 917.587
1109.94 916.237
1109.26 914.143
1108.85 911.968
1108.1 909.915
1106.83 908.119
1105.34 906.505
1103.49 905.237
1101.81 903.74
1100.28 902.114
1098.59 900.662
1096.77 899.366
1094.9 898.122
1092.85 897.137
1090.89 895.971
1088.78 895.126
1086.83 893.903
1084.64 893.309
1082.36 893.012
1080.11 892.499
1077.96 891.649
1075.79 890.849
1073.57 890.164
1071.47 889.218
1069.77 887.613
1068.22 885.907
1066.54 884.337
1064.98 882.608
1063.06 881.363
1060.87 880.49
1058.81 879.432
1057.1 877.789
1055.09 876.611
1052.96 875.602
1050.97 874.366
1049.05 873.025
1047.32 871.394
1045.69 869.627
1043.98 868.003
1042.09 866.569
1039.99 865.432
1038.41 863.706
1036.88 861.967
1035.27 860.339
1033.58 858.801
1031.75 857.419
1030.43 855.578
1029.18 853.693
1028.11 851.723
1026.96 849.796
1026.04 847.777
1025.32 845.702
1024.53 843.656
1023.77 841.598
1023.02 839.533
1021.93 837.613
1021.43 835.52
1020.99 833.419
1020.46 831.323
1019.8 829.279
1018.9 827.316
1018.06 825.346
1017.51 823.298
1016.94 821.249
1015.94 819.353
1015.16 817.363
1014.28 815.421
1013.68 813.408
1013.41 811.321
1013.07 809.252
1012.61 807.201
1012.28 805.117
1011.95 803.031
1011.64 800.942
1011.29 798.856
1010.99 796.745
1010.72 794.635
1010.33 792.552
1009.69 790.523
1009.41 788.418
1009.25 786.3
1009.14 784.171
1008.98 782.044
1008.45 779.969
1007.87 777.904
1007.64 775.773
1007.35 773.646
1006.64 771.615
1005.91 769.591
1005.45 767.498
1004.84 765.438
1004 763.45
1002.82 761.617
1001.71 759.731
1000.52 757.891
999.334 756.057
998.25 754.158
997.48 752.098
996.43 750.17
995.202 748.333
994.375 746.295
994.246 744.093
994.656 741.887
995.494 739.778
996.657 737.82
997.853 735.877
999.587 734.39
1001.56 733.19
1003.45 731.887
1005.3 730.492
1007.29 729.263
1009.11 727.783
1011.14 726.699
1013.27 725.799
1015.46 725.059
1017.42 723.813
1019.15 722.256
1020.61 720.459
1021.39 718.311
1021.29 716.007
1020.68 713.767
1019.74 711.653
1018.61 709.621
1017.29 707.727
1015.56 706.145
1013.96 704.459
1012.54 702.663
1011.25 700.724
1009.72 699.003
1007.84 697.608
1006.48 695.76
1005.16 693.904
1003.57 692.287
1001.92 690.721
1000.43 689.041
999.181 687.14
997.82 685.253
996.762 683.224
995.525 681.306
994.113 679.485
992.992 677.489
991.69 675.607
990.428 673.71
989.539 671.62
988.713 669.509
987.836 667.426
986.786 665.421
985.861 663.382
985.249 661.244
984.533 659.137
983.536 657.144
982.398 655.234
981.555 653.18
980.882 651.085
980.112 649.036
979.283 647.007
978.619 644.907
977.792 642.889
976.416 641.145
975.749 639.107
975.331 637.007
974.459 635.047
973.751 633.056
973.172 631.021
972.422 629.04
971.377 627.194
970.355 625.357
969.472 623.455
968.572 621.557
967.481 619.759
966.661 617.832
966.634 615.766
967.19 613.74
967.53 611.687
967.699 609.615
967.943 607.556
968.498 605.552
968.949 603.532
969.103 601.477
969.092 599.418
969.072 597.363
969.087 595.313
969.157 593.27
969.229 591.229
969.284 589.188
969.324 587.153
969.352 585.124
969.385 583.101
969.33 581.088
969.184 579.074
969.086 577.049
969.123 575.018
969.209 572.988
969.294 570.962
969.403 568.938
969.628 566.92
969.768 564.89
969.839 562.85
969.937 560.802
970.239 558.768
970.497 556.724
970.839 554.675
971.314 552.633
971.866 550.612
972.229 548.549
972.445 546.454
972.576 544.339
972.724 542.221
973.075 540.111
973.453 537.994
973.721 535.85
973.957 533.696
974.195 531.531
974.613 529.381
975.284 527.272
975.541 525.082
975.583 522.862
975.58 520.633
975.476 518.399
975.03 516.209
973.744 514.403
971.871 513.098
970.079 511.651
968.029 510.582
966.435 508.975
964.942 507.239
963.434 505.521
961.77 503.956
959.662 502.989
957.894 501.522
956.345 499.847
955.325 497.788
954.951 495.527
955.421 493.267
956.357 491.128
956.984 488.91
957.077 486.617
956.532 484.396
955.283 482.455
953.567 480.886
951.656 479.487
949.91 477.913
948.427 476.134
946.897 474.389
945.316 472.692
943.514 471.179
941.873 469.455
940.1 467.934
938.129 466.646
935.926 465.725
934.151 464.285
933.368 462.153
933.742 459.938
935.345 458.247
937.069 456.704
938.477 454.932
939.252 452.79
939.273 450.492
938.669 448.248
938.111 445.979
937.633 443.722
936.719 441.623
935.383 439.72
933.861 437.942
932.381 436.205
930.926 434.414
929.307 432.816
927.532 431.328
925.738 429.85
924.17 428.163
922.841 426.239
921.218 424.63
919.354 423.249
917.586 421.684
915.681 420.324
913.962 418.709
912.304 417.098
910.659 415.43
909.101 413.666
907.25 412.221
905.448 410.714
903.603 409.255
901.948 407.571
900.497 405.733
898.876 404.071
897.259 402.386
895.623 400.686
894.778 398.527
893.828 396.4
892.516 394.5
890.71 392.964
889.183 391.167
887.394 389.578
885.546 388.062
884.092 386.168
882.406 384.525
880.542 383.062
879.077 381.154
877.204 379.656
875.448 378.051
873.75 376.39
871.726 375.106
870.388 373.126
868.976 371.226
867.629 369.289
866.353 367.288
865.073 365.274
863.354 363.568
862.003 361.614
860.828 359.535
859.231 357.767
857.471 356.192
855.584 354.73
853.79 353.189
852.502 351.215
851.28 349.168
849.752 347.386
847.864 345.957
845.99 344.598
844.124 343.243
842.702 341.36
841.134 339.654
839.268 338.256
837.148 337.207
835.274 335.756
833.379 334.401
831.583 332.89
829.64 331.588
827.746 330.248
825.813 328.966
823.939 327.548
822.297 325.919
820.452 324.612
818.596 323.322
816.734 322.057
814.894 320.769
813.05 319.46
811.327 317.981
809.325 317.009
807.319 316.012
805.314 315
803.177 314.395
801.01 313.962
798.872 313.439
796.704 313.145
794.543 312.826
792.404 312.365
790.277 311.897
788.14 311.532
785.994 311.31
783.887 310.941
782.02 309.78
779.941 309.348
777.825 309.104
775.774 308.603
773.816 307.804
771.866 306.975
769.825 306.463
767.756 306.188
765.688 306.018
763.622 305.891
761.557 305.779
759.495 305.672
757.454 305.596
755.407 305.571
753.351 305.531
751.295 305.373
749.251 305.22
747.222 304.975
745.283 304.282
743.339 303.643
741.316 303.385
739.284 303.303
737.255 303.297
735.231 303.332
733.211 303.22
731.233 302.71
729.354 301.931
727.436 301.341
725.543 300.686
723.724 299.856
722.378 298.397
721.859 296.399
721.62 294.346
721.641 292.271
721.786 290.195
722.15 288.138
723.082 286.251
724.274 284.471
725.274 282.571
726.401 280.711
727.59 278.869
729.047 277.154
730.47 275.437
731.822 273.644
732.91 271.653
734.168 269.783
735.727 268.135
737.495 266.614
738.992 264.845
740.475 263.011
741.776 260.996
743.318 259.174
745.032 257.487
746.383 255.509
747.812 253.596
749.453 251.888
751.107 250.158
751.937 247.864
753.747 246.264
755.305 244.485
756.601 242.506
757.687 240.401
759.185 238.573
760.588 236.686
761.703 234.639
762.674 232.515
763.966 230.571
765.078 228.544
766.363 226.628
767.694 224.747
769.035 222.863
769.949 220.761
770.868 218.693
772.156 216.815
773.274 214.847
773.909 212.68
774.763 210.603
775.697 208.57
777.006 206.724
777.613 204.614
777.926 202.425
778.478 200.3
779.46 198.319
780.31 196.302
780.768 194.17
781.087 192.032
781.356 189.908
781.48 187.768
781.576 185.615
781.74 183.458
781.89 181.312
781.918 179.163
781.917 177.014
781.92 174.864
781.899 172.715
781.835 170.567
781.673 168.429
781.307 166.311
781.139 164.169
781.039 162.021
780.872 159.873
780.486 157.743
779.67 155.73
778.675 153.773
777.906 151.729
777.3 149.627
776.677 147.518
775.939 145.424
775.406 143.265
774.827 141.113
774.112 138.988
773.536 136.829
772.561 134.793
771.616 132.722
770.527 130.702
769.395 128.709
767.956 126.878
767.059 124.692
765.645 122.796
764.371 120.824
762.788 119.029
761.495 116.991
759.814 115.278
758.081 113.636
756.717 111.696
755.31 109.8
753.612 108.203
751.736 106.776
749.868 105.364
747.999 103.992
745.861 103.075
744.004 101.615
742.031 100.429
740.087 99.2132
738.024 98.2251
735.882 97.4167
733.918 96.2797
731.999 95.0923
730.025 94.0084
727.891 93.3398
725.863 92.4326
723.884 91.4286
721.86 90.5343
719.783 89.8418
717.678 89.3284
715.548 88.9115
713.476 88.2291
711.421 87.523
709.281 87.1518
707.249 86.4533
705.21 85.783
703.108 85.4099
700.979 85.2323
698.848 85.1325
696.715 85.0424
694.597 84.783
692.475 84.6754
690.354 84.6644
688.234 84.667
686.111 84.6556
683.991 84.6466
681.872 84.6747
679.76 84.8471
677.661 85.118
675.552 85.2261
673.442 85.3147
671.338 85.5117
669.224 85.7202
667.109 85.9812
665.041 86.5772
662.975 87.1995
660.812 87.3938
658.638 87.5671
656.489 87.9871
654.419 88.7387
652.267 89.1165
650.065 89.3489
647.877 89.7006
645.77 90.3644
643.785 91.3636
641.844 92.4801
639.878 93.5572
638.183 95.0464
636.245 96.1375
634.63 97.709
632.957 99.1988
631.236 100.701
629.402 102.133
627.893 103.888
626.535 105.827
625.049 107.648
623.35 109.325
621.738 111.122
620.217 112.929
618.63 114.67
617.143 116.499
615.464 118.189
613.739 119.848
612.342 121.797
610.787 123.613
609.28 125.462
607.639 127.24
605.769 128.718
603.778 129.985
601.747 131.197
599.791 132.523
597.894 133.917
596.432 135.771
594.931 137.617
593.211 139.224
591.297 140.641
589.131 141.692
587.269 143.228
585.329 144.602
583.313 145.853
581.247 147.056
579.245 148.365
577.253 149.67
575.348 151.176
573.013 151.953
571.146 153.528
569.167 154.888
567.166 156.248
564.999 157.384
563.116 158.934
561.156 160.322
559.087 161.548
556.839 162.51
554.801 163.83
552.974 165.417
551.283 167.218
549.16 168.443
547.294 170
545.441 171.56
543.524 173.058
541.561 174.471
539.564 175.814
537.637 177.293
535.68 178.74
533.804 180.251
532.041 181.841
530.387 183.586
528.691 185.294
526.714 186.635
524.676 187.935
522.852 189.482
521.366 191.402
519.623 193.056
517.718 194.482
516.044 196.134
514.352 197.764
512.848 199.606
511.146 201.284
509.125 202.592
507.313 204.149
505.566 205.769
503.845 207.468
502.16 209.16
500.276 210.561
498.5 212.09
496.809 213.688
495.312 215.512
493.634 217.182
491.896 218.717
490.18 220.273
488.392 221.734
486.974 223.576
485.338 225.26
483.753 226.933
482.315 228.732
481.053 230.675
479.341 232.239
477.649 233.873
476.113 235.62
474.632 237.434
473.328 239.407
471.68 241.089
469.871 242.573
468.258 244.236
466.635 245.891
465.165 247.718
463.496 249.388
461.64 250.838
460.092 252.571
458.639 254.388
457.076 256.068
455.509 257.816
453.775 259.368
452.278 261.091
451.027 263.021
449.603 264.726
447.948 266.236
446.551 267.945
444.901 269.457
443.618 271.308
442.223 273.071
440.777 274.79
439.279 276.52
437.562 278.116
436.194 280.001
434.969 282.055
433.611 284.002
431.985 285.777
431.121 288.02
429.536 289.886
428.019 291.766
426.509 293.658
425.816 294.657
425.122 295.655
423.496 297.49
421.914 299.327
420.854 301.485
419.646 303.587
418.397 305.661
417.159 307.721
415.489 309.508
414.138 311.516
413.027 313.669
411.855 315.751
410.454 317.691
409.168 319.717
407.657 321.6
405.99 323.341
404.941 325.464
403.833 327.581
402.673 329.658
401.485 331.703
400.049 333.611
399.203 335.854
397.618 337.679
396.166 339.555
394.722 341.444
393.516 343.494
392.342 345.555
391.01 347.513
389.467 349.352
388.31 351.448
387.03 353.479
385.759 355.485
384.309 357.39
383.351 359.588
381.822 361.447
380.368 363.308
378.944 365.2
377.699 367.216
376.342 369.143
375.052 371.092
373.847 373.1
372.814 375.219
371.339 377.06
369.841 378.836
368.36 380.641
367.292 382.74
365.61 384.385
364.128 386.182
362.631 387.969
361.21 389.8
359.629 391.559
358.277 393.493
357.036 395.468
355.566 397.3
354.175 399.209
352.729 401.035
351.14 402.71
349.265 404.151
347.639 405.82
346.312 407.767
345.061 409.786
343.424 411.515
341.655 413.142
340.244 415.064
338.786 416.93
337.431 418.822
335.951 420.63
335.001 422.749
333.652 424.615
332.726 426.675
331.927 428.8
331.323 430.964
331.038 433.205
330.988 435.459
331.16 437.695
331.614 439.888
332.126 442.058
332.548 444.23
332.953 446.39
333.508 448.503
333.88 450.648
334.46 452.744
335.096 454.818
335.377 456.947
335.69 459.066
336.342 461.102
337.053 463.114
337.466 465.172
337.605 467.269
337.78 469.357
338.272 471.385
339.055 473.333
339.955 475.227
340.647 477.193
341.24 479.181
341.658 481.214
341.873 483.277
342.207 485.319
342.763 487.316
343.307 489.306
343.793 491.313
344.488 493.255
345.144 495.2
345.493 497.205
345.587 499.239
345.676 501.269
345.897 503.287
346.258 505.287
346.56 507.298
346.936 509.301
347.462 511.275
347.996 513.245
348.37 515.244
348.654 517.249
348.956 519.245
349.215 521.241
349.317 523.249
349.416 525.255
349.615 527.256
349.904 529.247
350.253 531.233
350.74 533.197
351.162 535.176
351.34 537.175
351.354 539.183
351.347 541.192
351.338 543.203
351.35 545.221
351.398 547.239
351.481 549.256
351.675 551.264
352.108 553.233
352.608 555.192
352.962 557.18
353.196 559.183
353.416 561.181
353.508 563.186
353.56 565.187
353.653 567.183
353.818 569.178
353.956 571.175
354.047 573.178
354.116 575.185
354.211 577.181
354.307 579.182
354.398 581.187
354.484 583.197
354.585 585.204
354.743 587.212
355.03 589.21
355.457 591.191
355.94 593.159
356.255 595.152
356.417 597.161
356.507 599.171
356.578 601.179
356.594 603.189
356.581 605.199
356.526 607.209
356.474 609.227
356.533 611.244
356.66 613.252
356.918 615.246
357.206 617.217
357.274 619.207
357.313 621.204
357.436 623.201
357.612 625.198
357.704 627.202
357.812 629.209
357.913 631.22
358.067 633.222
358.518 635.183
359.038 637.131
359.197 639.13
359.239 641.146
359.327 643.163
359.497 645.183
359.691 647.204
359.858 649.219
360.054 651.229
360.343 653.226
360.684 655.215
360.959 657.207
361.118 659.207
361.244 661.203
361.44 663.189
361.722 665.182
361.815 667.187
361.875 669.187
361.971 671.181
362.089 673.184
362.191 675.192
362.288 677.204
362.358 679.219
362.433 681.239
362.559 683.262
362.707 685.288
362.877 687.318
363.002 689.357
363.043 691.403
363.015 693.453
362.985 695.508
363.138 697.562
363.514 699.598
363.9 701.636
364.165 703.695
364.319 705.766
364.457 707.842
364.669 709.914
365.024 711.977
365.22 714.056
365.326 716.159
365.584 718.248
366.448 720.187
367.297 722.145
367.832 724.22
368.064 726.368
367.585 728.476
366.641 730.45
365.467 732.308
364.273 734.156
362.811 735.859
361.455 737.68
359.769 739.248
358.483 741.136
357.159 743.034
355.833 744.906
354.368 746.666
352.914 748.453
351.264 750.105
349.552 751.748
348.519 753.856
347.924 756.135
347.985 758.499
348.544 760.792
349.793 762.758
351.569 764.319
353.649 765.481
355.601 766.824
357.624 768.02
359.553 769.404
361.596 770.588
363.547 771.888
365.531 773.118
367.491 774.403
369.462 775.638
371.283 777.09
373.429 777.822
375.631 778.429
377.826 779.045
380.078 779.244
382.32 778.94
384.554 778.752
386.784 778.631
388.997 778.448
391.19 778.179
393.365 777.872
395.544 777.733
397.721 777.612
399.884 777.376
402.054 777.159
404.201 776.776
406.301 776.15
408.427 775.631
410.577 775.178
412.714 774.659
414.872 774.238
417.031 773.925
419.205 773.861
421.338 774.265
423.36 775.13
425.339 776.041
426.909 777.629
428.678 778.944
430.493 780.227
432.404 781.371
434.396 782.394
436.177 783.762
437.777 785.385
439.704 786.605
441.614 787.899
443.453 789.266
445.206 790.792
447.333 791.762
449.001 793.396
450.764 794.862
452.628 796.216
454.7 797.245
456.637 798.459
458.451 799.873
460.165 801.436
462.08 802.719
463.996 804.064
466.048 805.201
467.923 806.625
469.969 807.757
471.807 809.283
473.869 810.443
475.856 811.716
477.813 813.034
479.853 814.267
481.755 815.71
483.315 817.56
485.171 819.056
487.234 820.296
489.289 821.503
490.915 823.259
492.589 824.943
494.591 826.168
496.614 827.325
498.581 828.57
500.513 829.861
502.227 831.469
503.942 833.079
505.987 834.244
507.971 835.48
509.925 836.753
511.956 837.951
513.767 839.52
515.498 841.164
517.476 842.451
519.489 843.739
521.6 844.826
523.651 845.991
525.436 847.596
527.298 849.133
529.339 850.364
531.296 851.699
533.332 852.915
535.422 854.071
537.27 855.606
539.072 857.195
541.159 858.357
543.198 859.649
545.279 860.84
547.451 861.802
549.386 863.223
551.441 864.471
553.32 865.972
555.281 867.335
557.298 868.63
559.412 869.788
561.354 871.233
563.316 872.616
565.242 874.06
567.383 875.173
569.471 876.393
571.495 877.686
573.34 879.288
575.495 880.429
577.409 881.949
579.369 883.378
581.434 884.66
583.632 885.752
585.468 887.364
587.121 889.171
589.079 890.582
591.139 891.877
593.145 893.25
595.187 894.522
597.235 895.799
599.247 897.161
601.308 898.396
603.311 899.71
605.395 900.876
607.565 901.915
609.384 903.488
610.995 905.292
612.936 906.672
614.954 907.972
616.856 909.385
618.92 910.477
620.902 911.724
622.816 913.093
624.739 914.375
626.635 915.67
628.59 916.857
630.503 918.096
632.053 919.795
633.915 921.165
635.994 922.12
637.925 923.346
639.9 924.523
641.901 925.632
643.555 927.26
645.498 928.421
647.462 929.58
649.247 930.967
650.693 932.701
652.133 934.447
653.317 936.347
653.799 938.521
654.02 940.765
654.439 942.981
655.001 945.172
655.309 947.408
655.55 949.654
655.894 951.883
656.519 954.069
656.933 956.296
656.903 958.567
656.792 960.853
656.859 963.14
657.107 965.414
657.48 967.672
658.015 969.896
658.887 971.996
660.307 973.796
661.797 975.561
663.474 977.191
665.336 978.597
667.199 979.983
669.274 980.997
671.482 981.732
673.724 982.414
675.989 983.043
678.311 983.163
680.593 982.664
682.857 982.052
685.156 981.579
687.409 980.922
689.455 979.794
691.281 978.332
693.056 976.809
694.76 975.191
695.969 973.162
697.036 971.059
697.625 968.773
698.475 966.557
699.439 964.386
700.293 962.172
700.89 959.875
701.913 957.802
703.532 956.108
705.401 954.661
707.628 953.97
709.958 953.822
712.283 953.726
714.535 953.232
716.393 951.81
718.087 950.175
719.882 948.675
721.839 947.325
723.472 945.634
724.846 943.686
726.366 941.872
727.846 940.045
729.604 938.417
731.014 936.513
732.42 934.595
733.843 932.695
735.599 931.061
737.396 929.464
738.7 927.453
740.074 925.468
741.392 923.488
742.685 921.493
743.731 919.341
745.298 917.533
747.076 915.969
749.033 914.597
750.947 913.199
752.588 911.49
754.048 909.635
755.318 907.674
756.548 905.7
757.632 903.635
759.19 901.915
760.908 900.409
762.418 898.744
763.945 897.117
765.365 895.383
766.975 893.812
768.535 892.262
770.148 890.781
771.695 889.261
772.974 887.506
774.161 885.679
775.78 884.255
777.59 883.098
779.652 882.661
781.704 883.114
783.597 884.066
785.568 884.803
787.393 885.764
788.786 887.324
790.042 888.978
791.556 890.384
792.85 891.935
793.315 893.892
793.594 895.91
793.812 897.927
793.886 899.949
793.895 901.967
793.948 903.983
793.979 906.007
793.996 908.027
793.981 910.045
794.001 912.061
794.009 914.074
794.011 916.089
794.011 918.106
794.008 920.126
794.029 922.15
794.017 924.179
793.977 926.218
793.954 928.265
793.953 930.312
793.954 932.366
793.962 934.427
793.986 936.497
794.005 938.571
793.932 940.654
793.69 942.745
793.245 944.798
792.668 946.832
791.838 948.813
791.297 950.896
790.904 953.013
790.327 955.11
789.955 957.25
789.851 959.429
789.776 961.611
789.761 963.804
789.853 966.003
790.387 968.147
791.087 970.285
791.809 972.404
793.053 974.293
794.151 976.262
795.361 978.209
796.818 979.986
798.538 981.549
799.991 983.371
801.602 985.096
803.257 986.73
805.032 988.236
807.084 989.36
809.026 990.59
810.93 991.87
812.894 993.056
815.023 993.906
817.024 995.028
819.201 995.515
821.43 995.285
823.595 994.608
825.75 993.914
827.853 993.154
829.596 991.705
831.386 990.315
833.046 988.812
834.344 987.025
835.407 985.089
836.234 983.041
836.637 980.878
836.879 978.698
837.09 976.524
837.338 974.365
837.415 972.199
837.435 970.043
837.431 967.897
837.429 965.745
837.435 963.597
837.468 961.454
837.626 959.32
837.797 957.187
838.021 955.058
838.567 952.979
839.222 950.924
839.539 948.782
839.945 946.664
840.918 944.719
841.559 942.677
841.997 940.579
842.522 938.483
843.374 936.505
845.073 935.213
847.172 934.727
849.137 935.501
850.579 937.184
852.122 938.743
853.698 940.262
855.584 941.376
857.692 942.074
859.853 942.668
862.04 942.216
864.145 941.38
866.165 940.332
867.916 938.861
869.446 937.17
870.886 935.348
871.917 933.255
873.414 931.454
874.671 929.504
876.153 927.665
877.428 925.705
878.363 923.587
879.505 921.571
880.708 919.567
881.754 917.5
882.823 915.46
884.075 913.522
885.18 911.521
885.896 909.338
886.779 907.222
887.819 905.183
889.129 903.288
890.002 901.176
890.947 899.093
891.912 897.027
892.893 894.966
893.982 892.942
895.508 891.184
897.087 889.471
898.122 887.415
899.04 885.303
900.516 883.578
902.419 882.376
904.681 882.078
906.945 882.379
909.031 883.325
910.941 884.583
912.693 886.023
914.147 887.774
915.437 889.697
917.063 891.294
918.991 892.583
920.67 894.112
922.312 895.683
924.035 897.195
926.088 898.169
928.14 899.214
930.213 900.24
932.425 900.875
934.67 901.355
936.873 901.95
938.958 902.935
941.039 903.888
943.12 904.878
945.34 905.423
947.52 906.03
949.5 907.142
951.342 908.525
953.337 909.63
955.359 910.659
957.247 911.935
959.168 913.17
961.18 914.208
963.146 915.309
965.072 916.487
967.062 917.565
968.474 919.296
969.724 921.155
970.891 923.037
972.138 924.891
973.156 926.879
974.291 928.772
975.573 930.572
976.771 932.435
977.574 934.488
978.574 936.464
979.722 938.371
980.598 940.411
981.13 942.579
981.593 944.776
981.758 947.014
981.892 949.252
982.296 951.452
983.041 953.579
983.697 955.715
984.826 957.642
985.891 959.601
987.314 961.318
989.189 962.514
991.251 963.41
993.316 964.253
995.402 965.034
997.478 965.854
999.337 967.137
1001.02 968.619
1001.74 970.687
1001.91 972.888
1001.68 975.093
1001.3 977.267
1001.17 979.463
1001.14 981.672
1001.13 983.884
1001.09 986.092
1001.13 988.301
1001.52 990.445
1002.53 992.378
1003.96 994.049
1005.59 995.535
1007.46 996.698
1009.5 997.519
1011.59 998.181
1013.64 998.976
1015.67 999.797
1017.49 1001.14
1019.63 1001.6
1021.79 1001.91
1023.87 1002.57
1025.97 1003.21
1028.14 1003.31
1030.24 1002.71
1032.24 1001.8
1034.39 1001.44
1036.56 1001.24
1038.74 1001.17
1040.92 1001.37
1043.04 1001.79
1044.93 1002.8
1046.49 1004.33
1047.99 1005.88
1049.68 1007.33
1051.2 1008.93
1052.7 1010.5
1054.23 1012.07
1055.88 1013.51
1057.72 1014.77
1059.59 1015.94
1061.25 1017.46
1063.23 1018.52
1065.1 1019.7
1066.82 1021.11
1068.78 1022.1
1070.76 1023.08
1072.77 1023.91
1074.56 1025.26
1076.63 1025.97
1078.71 1026.7
1080.68 1027.69
1082.66 1028.6
1084.72 1029.26
1086.84 1029.69
1088.91 1030.31
1090.91 1031.19
1093.02 1031.68
1095.19 1031.95
1097.24 1032.62
1099.32 1033.17
1101.44 1033.44
1103.54 1033.79

