CONTOUR

1

1555

456.1 959.355
458.278 958.817
460.435 958.168
462.648 957.798
464.868 957.54
467.102 957.454
469.337 957.38
471.569 957.187
473.803 956.935
476.051 956.812
478.303 956.681
480.548 956.426
482.734 955.827
484.839 954.922
486.951 954.045
488.961 952.998
490.804 951.66
492.7 950.367
494.836 949.553
496.988 948.73
499.026 947.672
501.008 946.469
503.012 945.276
504.767 943.729
506.661 942.368
508.611 941.088
510.679 940.003
512.651 938.758
514.52 937.387
516.016 935.583
517.503 933.79
519.471 932.578
521.498 931.441
523.43 930.187
525.304 928.845
527.144 927.409
528.87 925.868
530.706 924.535
532.573 923.25
534.598 922.259
536.626 921.277
538.211 919.667
539.714 918
541.354 916.539
543.037 915.119
544.694 913.697
546.665 912.854
548.745 912.298
550.862 911.922
552.981 911.724
555.103 911.692
557.223 911.663
559.336 911.558
561.437 911.444
563.532 911.395
565.622 911.377
567.699 911.277
569.74 910.929
571.732 910.337
573.753 909.915
575.791 909.656
577.841 909.532
579.883 909.474
581.917 909.418
583.94 909.284
585.967 909.158
587.984 909.009
589.997 908.852
591.989 908.526
593.999 908.302
596.014 908.156
598.032 908.065
600.051 908.062
602.064 907.994
604.071 907.825
606.079 907.724
608.093 907.8
610.115 907.708
612.115 907.38
614.107 907.016
616.118 906.811
618.134 906.689
620.144 906.545
622.144 906.328
624.129 905.985
626.128 905.831
628.129 905.756
630.126 905.652
632.114 905.431
634.109 905.272
636.111 905.137
638.122 905.011
640.127 904.82
642.101 904.409
644.072 903.963
646.082 903.79
648.1 903.7
650.11 903.676
652.125 903.697
654.145 903.688
656.163 903.602
658.183 903.541
660.201 903.483
662.207 903.294
664.145 902.711
666.108 902.221
668.112 901.994
670.133 901.971
672.149 901.958
674.158 901.898
676.161 901.81
678.152 901.676
680.13 901.377
682.132 901.221
684.142 901.199
686.152 901.192
688.16 901.167
690.159 901.099
692.156 900.988
694.161 900.907
696.163 900.762
698.177 900.663
700.192 900.548
702.207 900.38
704.215 900.135
706.212 899.782
708.186 899.303
710.177 898.92
712.185 898.675
714.195 898.531
716.205 898.418
718.207 898.26
720.197 897.962
722.205 897.787
724.214 897.707
726.22 897.608
728.214 897.368
730.211 897.111
732.158 896.586
734.085 895.966
736.091 895.825
738.12 895.793
740.141 895.649
742.151 895.38
744.138 894.999
746.084 894.438
748.051 893.982
750.053 893.762
752.041 893.448
754.056 893.258
756.072 893.194
758.08 893.122
760.085 893.053
762.096 892.998
764.108 892.932
766.113 892.77
768.105 892.493
770.1 892.311
772.099 892.179
774.098 892.032
776.103 891.928
778.115 891.71
780.111 891.365
782.099 890.981
784.094 890.666
786.113 890.563
788.137 890.557
790.157 890.457
792.16 890.143
794.167 889.926
796.179 889.823
798.188 889.672
800.187 889.368
802.215 889.2
804.249 889.173
806.286 889.225
808.325 889.398
810.339 889.759
812.105 890.763
813.271 892.502
814.413 894.261
815.337 896.146
815.859 898.246
817.229 899.983
817.931 901.989
818.336 904.096
818.856 906.197
819.839 908.151
820.863 910.078
822.016 911.948
823.534 913.606
825.469 914.806
827.346 916.09
829.393 917.054
831.512 917.905
833.561 918.989
835.763 919.56
838.045 919.687
840.341 919.746
842.647 919.785
844.955 919.701
847.23 919.341
849.299 918.309
851.37 917.322
853.341 916.16
855.067 914.635
856.256 912.686
857.687 910.867
858.64 908.78
859.639 906.707
860.43 904.557
860.92 902.314
861.73 900.218
863.328 898.545
864.649 896.724
865.723 894.758
866.543 892.651
867.541 890.625
868.683 888.69
870.065 886.931
871.696 885.352
873.605 884.048
875.313 882.488
877.245 881.25
879.116 879.897
881.344 879.476
883.595 879.107
885.705 878.267
887.83 877.488
889.983 876.808
892.108 876.038
894.07 874.894
896.051 873.784
898.23 873.156
900.374 872.419
902.398 871.419
904.137 869.919
906.256 869.091
908.34 868.243
910.215 867.001
911.981 865.616
913.561 863.968
915.48 862.843
917.189 861.382
918.38 859.532
919.359 857.542
920.124 855.455
920.939 853.389
921.29 851.23
921.466 849.053
921.825 846.906
922.132 844.772
922.293 842.632
922.395 840.494
922.477 838.363
922.571 836.235
922.717 834.113
922.876 831.996
922.942 829.882
922.935 827.776
922.906 825.676
922.833 823.585
922.756 821.504
922.744 819.427
922.806 817.358
923.083 815.314
923.518 813.292
923.94 811.274
924.224 809.243
924.395 807.203
924.541 805.154
924.768 803.132
925.085 801.132
925.528 799.149
925.926 797.163
926.631 795.254
927.418 793.365
927.87 791.345
928.583 789.407
929.768 787.741
931.578 786.852
933.558 787.231
935.297 788.362
936.96 789.607
938.153 791.324
939.491 792.927
940.945 794.415
942.252 796.038
943.64 797.639
944.566 799.531
945.202 801.567
945.403 803.696
945.598 805.819
946.094 807.892
946.571 809.995
947.131 812.088
947.961 814.083
949.088 815.975
949.662 818.104
950.329 820.202
951.451 822.095
952.794 823.877
953.819 825.88
954.958 827.792
956.468 829.433
958.032 831.047
960.062 831.99
961.977 833.314
964.209 833.828
966.463 834.29
968.649 835.027
970.893 835.469
973.17 835.674
975.453 835.648
977.723 835.313
979.898 834.627
981.687 833.291
983.078 831.517
983.647 829.339
983.798 827.088
983.767 824.821
983.64 822.572
983.276 820.356
982.383 818.293
981.561 816.224
980.668 814.191
979.626 812.243
978.608 810.29
977.784 808.264
976.925 806.265
975.772 804.422
974.841 802.476
973.964 800.503
973.432 798.438
973.223 796.311
973.08 794.186
972.862 792.074
972.526 789.987
972.275 787.891
971.974 785.806
971.577 783.735
971.043 781.685
970.646 779.608
970.304 777.53
969.785 775.499
969.32 773.454
968.751 771.434
967.965 769.466
967.774 767.381
967.677 765.274
967.433 763.191
966.866 761.172
965.9 759.265
965.383 757.228
964.946 755.155
964.481 753.086
963.951 751.039
963.37 748.985
962.597 746.975
961.904 744.946
961.488 742.842
961.035 740.746
960.223 738.729
959.521 736.663
958.727 734.65
957.585 732.758
956.7 730.756
955.753 728.785
954.74 726.826
954.001 724.74
953.247 722.683
951.854 720.929
950.839 718.955
949.65 717.021
948.62 715.037
947.292 713.248
945.91 711.482
944.799 709.55
943.4 707.833
941.961 706.138
940.902 704.175
939.197 702.761
937.737 701.112
936.123 699.635
935.087 697.756
933.81 695.982
933.172 693.969
932.832 691.888
932.754 689.77
933.037 687.662
933.902 685.762
935.616 684.645
937.669 684.284
939.75 684.203
941.823 684.252
943.878 684.552
945.936 684.82
947.989 685.011
950.039 685.146
952.084 685.173
954.134 685.168
956.186 685.129
958.208 684.883
960.138 684.244
962.029 683.476
963.899 682.622
965.811 681.91
967.8 681.533
969.821 681.379
971.85 681.276
973.887 681.188
975.921 681.04
977.919 680.549
979.881 679.902
981.911 679.583
983.93 679.214
985.935 678.729
987.946 678.299
989.968 678.018
992.006 677.923
994.067 677.867
996.124 677.798
998.181 677.843
1000.18 678.323
1002.1 679.162
1004.06 679.846
1005.97 680.715
1007.95 681.382
1010.01 681.716
1012.11 681.91
1014.21 682.221
1016.22 682.919
1018.12 683.906
1020.13 684.647
1022.19 685.173
1024.28 685.648
1026.42 686.002
1028.5 686.704
1030.63 687.289
1032.82 687.44
1034.98 687.066
1037.04 686.181
1039.17 685.579
1041.37 685.306
1043.47 685.922
1045.1 687.47
1046.5 689.238
1047.94 690.948
1049.5 692.57
1051.21 694.076
1052.59 695.873
1053.74 697.901
1055.47 699.465
1057.27 700.963
1058.89 702.656
1060.91 703.789
1062.98 704.89
1065.17 705.701
1067.31 706.589
1069.22 707.985
1071.19 709.289
1072.45 711.228
1073.63 713.218
1074.63 715.291
1075.83 717.264
1076.98 719.265
1078.46 720.965
1080.35 722.127
1082.54 722.721
1084.77 723.228
1087.04 723.484
1089.27 723.251
1091.45 722.628
1093.6 721.961
1095.8 721.487
1097.95 720.876
1099.98 719.878
1102.13 719.195
1104.24 718.436
1106.34 717.694
1108.5 717.313
1110.69 716.995
1112.84 716.529
1114.71 715.435
1116.26 713.919
1117.17 711.989
1117.55 709.853
1118.22 707.82
1119.53 706.126
1121.41 705.027
1123.29 703.983
1125.29 703.175
1127.13 702.013
1129.16 701.383
1131.26 701.214
1133.36 701.18
1135.46 701.157
1137.55 701.133
1139.64 701.127
1141.73 701.165
1143.8 701.322
1145.86 701.409
1147.93 701.417
1149.99 701.418
1152.05 701.436
1154.11 701.445
1156.18 701.447
1158.25 701.419
1160.32 701.301
1162.4 701.225
1164.49 701.145
1166.58 700.972
1168.65 700.68
1170.74 700.496
1172.84 700.297
1174.94 700.024
1176.98 699.483
1179 698.809
1181.04 698.171
1183.11 697.7
1185.22 697.394
1187.33 697.05
1189.4 696.413
1191.46 695.752
1193.57 695.24
1195.6 694.41
1197.67 693.749
1199.81 693.247
1201.87 692.526
1203.88 691.577
1205.84 690.53
1207.87 689.61
1209.97 688.837
1211.92 687.692
1213.82 686.467
1215.86 685.503
1218.02 684.742
1220.05 683.683
1221.89 682.323
1223.69 680.882
1225.5 679.397
1227.2 677.777
1229.01 676.324
1230.47 674.566
1231.69 672.607
1233.24 670.874
1234.44 668.921
1235.6 666.929
1236.41 664.798
1236.94 662.581
1237.06 660.31
1236.74 658.065
1235.98 655.93
1234.69 654.075
1233.18 652.43
1231.42 650.981
1229.78 649.427
1228.67 647.465
1227.43 645.595
1225.77 644.111
1223.86 642.929
1221.93 641.835
1220.02 640.727
1219.07 638.807
1219.7 636.776
1221.5 635.561
1223.65 634.974
1225.81 634.408
1227.88 633.626
1229.81 632.471
1231.8 631.378
1233.73 630.119
1235.68 628.924
1237.62 627.708
1239.56 626.443
1241.48 625.144
1243.06 623.427
1244.54 621.596
1245.8 619.66
1247.2 617.762
1247.95 615.534
1248.92 613.378
1249.31 611.086
1249.37 608.755
1249.28 606.426
1248.91 604.133
1248.01 601.965
1247.51 599.706
1246.71 597.561
1245.9 595.416
1245.03 593.312
1243.6 591.499
1242.16 589.713
1240.41 588.253
1238.72 586.744
1236.85 585.429
1234.94 584.197
1232.89 583.309
1230.98 582.097
1228.89 581.396
1226.74 580.853
1224.65 580.131
1222.62 579.239
1220.52 578.576
1218.38 578.14
1216.25 577.75
1214.13 577.362
1211.99 577.185
1209.84 577.057
1207.69 576.811
1205.56 576.48
1203.42 576.246
1201.28 576.132
1199.14 576.247
1197.01 576.463
1194.88 576.693
1192.76 576.955
1190.65 577.28
1188.51 577.429
1186.38 577.509
1184.28 577.684
1182.21 578.163
1180.11 578.467
1178.01 578.819
1176.01 579.491
1174.05 580.396
1172.03 581.048
1169.96 581.481
1167.98 582.241
1166.13 583.28
1164.14 583.983
1162.24 584.924
1160.27 585.629
1158.44 586.661
1156.63 587.704
1154.77 588.653
1152.83 589.374
1150.87 590.106
1149.02 591.118
1147.14 592.039
1145.29 593.045
1143.31 593.693
1141.3 594.3
1139.34 595.03
1137.47 596.017
1135.52 596.768
1133.48 597.16
1131.4 597.269
1129.31 597.211
1127.29 596.736
1125.39 595.87
1123.57 594.834
1121.63 594.164
1119.61 593.85
1117.55 593.804
1115.48 593.792
1113.42 593.788
1111.36 593.816
1109.3 593.873
1107.25 593.927
1105.2 594.031
1103.15 594.119
1101.1 594.251
1099.05 594.493
1097.03 594.933
1095.1 595.719
1093.08 596.209
1091.01 596.337
1088.93 596.234
1086.89 595.806
1084.91 595.126
1082.9 594.528
1080.85 594.097
1078.82 593.62
1076.73 593.323
1074.63 593.121
1072.53 593.037
1070.41 593.008
1068.27 592.851
1066.13 592.583
1063.98 592.468
1061.81 592.619
1059.63 592.77
1057.44 592.909
1055.24 592.962
1053.13 592.489
1051.27 591.306
1049.64 589.766
1047.7 588.682
1045.88 587.414
1044.18 586.001
1042.61 584.428
1040.96 582.927
1039.44 581.202
1037.67 579.739
1036.03 578.167
1034.34 576.603
1032.53 575.148
1031.11 573.283
1029.31 571.778
1027.56 570.214
1025.77 568.685
1023.83 567.296
1022.53 565.293
1021.76 564.399
1020.99 563.504
1019.45 561.726
1018.12 559.777
1017.09 557.672
1015.89 555.659
1014.81 553.595
1013.86 551.475
1013.28 549.242
1012.61 547.039
1011.79 544.904
1010.85 542.813
1010.07 540.652
1009.15 538.6
1007.55 537.005
1005.94 535.373
1004.63 533.516
1003.1 531.882
1001.45 530.384
999.578 529.117
997.996 527.536
996.714 525.714
995.16 524.184
993.499 522.779
991.69 521.571
989.949 520.303
988.17 519.137
986.583 517.673
984.821 516.453
983.199 514.995
981.512 513.569
980.223 511.758
978.934 509.926
977.6 508.141
975.85 506.69
974.319 505.063
972.731 503.436
971.012 501.958
968.988 500.974
967.013 499.851
965.068 498.653
963.134 497.433
961.337 495.977
959.198 495.151
957.258 493.862
955.084 493.241
952.927 492.58
950.893 491.548
948.823 490.642
946.64 490.109
944.462 489.605
942.371 488.856
940.332 487.946
938.192 487.44
936.023 487.03
934.161 485.819
932.086 485.293
929.943 485.026
927.869 484.471
925.896 483.615
923.881 482.92
921.823 482.377
919.802 481.732
917.765 481.229
915.672 481.017
913.581 480.709
911.494 480.313
909.398 479.994
907.291 479.735
905.175 479.5
903.095 479.063
901.111 478.205
899.029 477.734
896.891 477.613
894.747 477.609
892.592 477.63
890.436 477.599
888.293 477.397
886.25 476.687
884.316 475.684
882.687 474.231
881.506 472.389
880.354 470.515
879.29 468.592
877.859 466.917
876.248 465.413
874.742 463.779
873.202 462.225
871.528 460.774
869.86 459.323
868.483 457.639
867.233 455.836
866.349 453.831
865.779 451.744
865.136 449.691
863.819 447.901
862.888 445.947
861.384 444.427
859.689 443.108
857.75 442.18
855.746 441.407
853.819 440.467
851.966 439.421
850.08 438.462
848.103 437.718
846.082 437.168
844.081 436.574
842.07 436.004
840.042 435.556
838.02 435.041
836.38 433.793
835.451 431.963
835.217 429.931
835.485 427.893
835.937 425.884
836.5 423.894
837.056 421.906
837.509 419.895
837.843 417.865
838.255 415.854
838.579 413.83
838.65 411.775
838.723 409.714
839.048 407.671
839.428 405.634
839.461 403.572
839.06 401.544
838.121 399.631
837.608 397.597
837.484 395.493
837.451 393.383
837.44 391.271
837.42 389.15
837.474 387.024
837.694 384.897
838.28 382.818
839.049 380.776
839.061 378.655
838.244 376.628
837.397 374.615
836.694 372.538
835.955 370.453
835.136 368.379
834.639 366.203
834.076 364.07
833.044 362.134
831.436 360.562
829.72 359.064
828.514 357.111
827.207 355.236
825.995 353.31
824.729 351.401
823.279 349.605
821.485 348.164
819.536 346.932
817.379 346.112
815.22 345.288
813.528 343.784
812.766 341.655
812.534 339.389
812.274 337.142
811.861 334.909
810.979 332.817
809.702 330.968
807.93 329.525
806.499 327.785
804.824 326.306
803.119 324.889
801.324 323.626
799.384 322.604
797.27 322.072
795.11 321.803
792.933 321.592
790.775 321.193
788.634 320.928
786.487 320.757
784.371 320.409
782.321 319.724
780.206 319.376
778.084 319.162
775.965 319.037
773.835 319.092
771.729 319.046
769.708 318.39
767.648 317.925
765.555 317.775
763.477 317.653
761.403 317.603
759.34 317.434
757.28 317.258
755.219 317.162
753.158 317.046
751.118 316.701
749.061 316.442
747.07 315.898
745.239 314.913
743.394 313.997
741.388 313.516
739.368 313.163
737.409 312.584
735.525 311.746
733.518 311.412
731.474 311.336
729.429 311.262
727.397 311.033
725.383 310.735
723.35 310.568
721.309 310.432
719.279 310.167
717.238 309.939
715.179 309.93
713.126 309.86
711.102 309.564
709.118 309.072
707.2 308.332
705.317 307.525
703.433 306.732
701.451 306.23
699.421 305.996
697.388 305.788
695.375 305.437
693.362 305.031
691.432 304.286
689.452 303.747
687.388 303.715
685.322 303.602
683.324 303.15
681.46 302.225
679.505 301.588
677.492 301.242
675.451 301.122
673.397 301.07
671.341 300.862
669.279 300.703
667.204 300.673
665.134 300.644
663.07 300.633
660.999 300.632
658.925 300.639
656.851 300.741
654.793 301.056
652.724 301.207
650.637 301.204
648.549 301.159
646.457 301.123
644.352 301.109
642.242 301.088
640.126 301.065
637.994 301.058
635.856 301.097
633.72 301.191
631.587 301.375
629.449 301.556
627.292 301.62
625.13 301.757
623.048 302.4
620.965 303.156
618.898 303.923
617.318 305.544
615.516 306.88
613.763 308.309
612.04 309.729
610.407 311.303
608.519 312.529
606.567 313.663
604.539 314.645
602.6 315.824
600.581 316.843
598.54 317.815
596.653 319.073
594.826 320.442
592.836 321.519
590.993 322.86
589.075 324.175
587.281 325.61
585.788 327.374
584.389 329.195
583.136 331.092
581.646 332.851
580.753 334.975
579.425 336.773
577.822 338.295
576.107 339.698
574.572 341.244
572.765 342.388
570.996 343.606
569.365 345.044
567.451 345.886
565.417 346.329
563.43 345.717
561.958 344.213
561.456 342.214
561.88 340.156
562.452 338.148
562.861 336.108
563.748 334.212
564.313 332.224
564.621 330.172
564.984 328.139
565.539 326.134
565.849 324.078
566.173 322.028
566.671 320.014
567.365 318.064
567.626 316.004
567.938 313.969
568.923 312.119
569.691 310.199
570.371 308.245
571.064 306.282
571.665 304.301
572.248 302.321
572.765 300.317
573.247 298.299
573.657 296.285
574.409 294.363
575.238 292.438
575.665 290.409
575.975 288.342
577.113 286.559
577.647 284.586
577.835 282.527
578.182 280.499
578.894 278.549
579.564 276.594
580.101 274.599
580.495 272.578
580.879 270.552
581.095 268.502
581.202 266.439
581.368 264.379
581.664 262.33
581.814 260.261
582.016 258.189
582.538 256.162
583.19 254.166
583.428 252.09
583.501 249.998
583.519 247.903
583.536 245.814
583.539 243.723
583.539 241.628
583.543 239.528
583.543 237.416
583.53 235.299
583.49 233.177
583.245 231.066
582.66 228.995
582.068 226.923
581.737 224.793
581.325 222.675
580.929 220.545
580.469 218.409
579.603 216.399
578.477 214.482
577.879 212.364
577.572 210.162
576.975 208.036
575.684 206.172
574.64 204.183
573.818 202.089
573.205 199.905
572.021 197.984
570.639 196.192
569.4 194.297
567.947 192.502
567.163 190.341
565.657 188.618
564.305 186.81
562.903 185.026
561.695 183.095
560.443 181.145
559.1 179.277
557.359 177.705
556.003 175.811
554.449 174.125
552.727 172.643
551.012 171.154
549.127 169.831
547.443 168.259
545.504 167.094
543.818 165.523
541.855 164.394
539.92 163.242
537.883 162.32
535.78 161.6
533.677 160.903
531.675 159.908
529.518 159.39
527.316 159.114
525.177 158.553
523.054 157.94
520.871 157.719
518.678 157.655
516.495 157.704
514.313 157.808
512.127 157.894
509.951 158.084
507.832 158.651
505.704 159.169
503.537 159.487
501.421 160.073
499.309 160.654
497.174 161.073
495.034 161.413
492.888 161.775
490.76 162.319
488.632 162.89
486.515 163.531
484.417 164.262
482.296 164.976
480.149 165.575
478.027 166.298
475.972 167.235
473.85 168.019
471.855 169.135
469.775 170.013
467.699 170.908
465.741 172.088
463.709 173.139
461.73 174.275
459.849 175.574
457.975 176.909
455.921 177.972
454.234 179.515
452.589 181.091
451.163 182.911
449.289 184.159
447.487 185.571
445.568 186.832
443.844 188.331
442.195 189.91
440.71 191.69
439.065 193.35
437.07 194.606
435.272 196.111
433.522 197.661
431.806 199.305
430.046 200.862
428.316 202.385
426.603 203.928
424.983 205.548
423.46 207.311
421.848 208.973
420.366 210.689
418.982 212.481
417.861 214.418
416.867 216.422
415.703 218.359
414.682 220.351
413.899 222.443
413.483 224.614
413.31 226.816
413.205 229.02
412.928 231.189
412.44 233.323
411.858 235.426
411.2 237.502
410.765 239.613
410.543 241.746
410.363 243.871
410.159 245.987
409.831 248.078
409.668 250.175
409.591 252.268
409.461 254.352
409.113 256.407
408.58 258.431
407.92 260.417
407.588 262.463
407.396 264.52
407.095 266.563
406.632 268.576
406.302 270.606
406.164 272.65
405.99 274.686
405.852 276.718
405.683 278.742
405.42 280.747
405.291 282.764
405.223 284.788
405.078 286.808
404.674 288.783
404.298 290.769
403.847 292.746
403.399 294.727
403.068 296.731
402.836 298.748
402.667 300.767
402.528 302.781
402.403 304.793
402.3 306.808
402.207 308.816
402.162 310.824
402.133 312.836
402.078 314.845
401.969 316.85
401.807 318.851
401.632 320.849
401.578 322.852
401.551 324.859
401.451 326.866
401.199 328.86
400.958 330.854
400.665 332.849
400.619 334.86
400.856 336.873
400.76 338.885
400.352 340.866
399.885 342.837
399.58 344.832
399.425 346.848
399.336 348.868
399.253 350.889
399.164 352.908
399.028 354.924
398.702 356.921
398.365 358.917
398.106 360.914
397.969 362.922
397.91 364.933
397.888 366.944
397.881 368.961
397.8 370.977
397.683 372.986
397.561 374.993
397.382 376.991
397.321 378.994
397.299 380.994
397.287 382.992
397.298 384.99
397.302 386.989
397.302 388.987
397.302 390.986
397.3 392.985
397.297 394.984
397.307 396.983
397.406 398.979
397.615 400.976
397.678 402.981
397.719 404.99
397.75 407.002
397.743 409.016
397.735 411.028
397.731 413.041
397.725 415.053
397.748 417.06
397.777 419.068
397.818 421.077
397.866 423.089
397.925 425.103
397.941 427.12
397.933 429.136
397.889 431.153
397.827 433.17
397.831 435.187
397.874 437.208
397.965 439.229
398.259 441.233
398.678 443.22
399.008 445.222
399.126 447.249
399.195 449.28
399.294 451.309
399.364 453.336
399.515 455.353
399.875 457.347
400.44 459.301
400.95 461.266
401.249 463.272
401.466 465.283
401.583 467.298
401.712 469.309
401.923 471.314
402.2 473.316
402.388 475.328
402.519 477.346
402.624 479.368
402.787 481.392
403.084 483.405
403.558 485.387
404.085 487.359
404.441 489.354
404.633 491.371
404.847 493.389
405.282 495.377
405.638 497.363
405.785 499.379
405.886 501.404
405.979 503.436
406.142 505.46
406.369 507.483
406.835 509.47
407.483 511.413
408.001 513.385
408.533 515.354
408.971 517.34
409.288 519.344
409.545 521.357
409.664 523.385
409.806 525.41
410.124 527.417
410.482 529.427
410.705 531.458
410.921 533.494
411.269 535.513
411.747 537.51
412.216 539.507
412.599 541.517
412.962 543.527
413.209 545.553
413.323 547.593
413.434 549.636
413.697 551.665
414.11 553.674
414.729 555.64
415.309 557.617
415.79 559.625
416.385 561.62
416.87 563.639
417.171 565.691
417.552 567.727
417.917 569.781
418.108 571.859
418.285 573.943
418.612 576.012
419.044 578.097
419.748 580.124
420.312 582.195
420.653 584.313
420.846 586.463
421.054 588.623
421.264 590.801
421.452 592.986
421.341 595.167
420.812 597.289
419.762 599.236
418.248 600.856
416.575 602.312
415.035 603.914
413.306 605.392
412.018 607.28
410.565 609.022
408.991 610.632
407.285 612.149
405.475 613.588
404.077 615.428
402.633 617.222
401.098 618.905
399.387 620.457
397.585 621.925
396.105 623.712
394.721 625.624
393.154 627.359
391.41 628.955
389.836 630.726
388.309 632.473
386.724 634.193
385.377 636.074
383.93 637.898
383.449 640.085
383.382 642.371
383.38 644.653
383.405 646.925
383.538 649.191
384.063 651.391
384.914 653.507
385.356 655.705
385.505 657.946
385.591 660.183
385.762 662.405
386.162 664.602
386.493 666.818
386.907 669.024
387.616 671.151
388.33 673.275
388.923 675.431
389.887 677.427
391.42 679.022
393.511 679.78
395.597 680.506
397.718 681.119
399.857 681.637
402.049 681.853
404.229 681.61
406.384 681.14
408.557 680.828
410.714 680.508
412.816 679.981
414.907 679.433
416.963 678.733
419.069 678.264
421.168 677.899
423.233 677.475
425.177 676.721
427.041 675.814
428.836 674.769
430.61 673.722
432.177 672.322
434.039 671.876
435.551 673.283
436.942 674.814
437.659 676.715
438.054 678.707
438.573 680.67
439.157 682.628
439.877 684.548
440.631 686.461
441.257 688.403
441.482 690.432
441.599 692.467
441.782 694.495
442.125 696.499
442.41 698.517
442.768 700.528
443.361 702.492
444.043 704.427
444.487 706.424
444.785 708.456
445.162 710.464
445.662 712.441
446.151 714.422
446.882 716.337
447.483 718.296
448.118 720.246
448.731 722.215
449.121 724.227
449.344 726.259
449.714 728.265
449.991 730.291
450.187 732.321
450.327 734.355
450.501 736.388
450.845 738.406
451.424 740.376
452.037 742.335
452.489 744.323
452.709 746.352
452.887 748.395
453.2 750.416
453.655 752.411
453.986 754.423
454.545 756.39
455.191 758.339
455.707 760.312
456.119 762.322
456.681 764.296
457.171 766.281
457.649 768.273
457.937 770.308
458.132 772.346
458.288 774.386
458.505 776.418
458.86 778.436
459.482 780.4
460.108 782.367
460.493 784.377
460.654 786.422
460.795 788.468
461.125 790.489
461.609 792.48
461.978 794.503
462.597 796.472
463.156 798.459
463.4 800.518
463.836 802.544
464.559 804.489
465.166 806.466
465.613 808.48
465.874 810.53
466.078 812.579
466.25 814.633
466.552 816.661
467.136 818.641
467.981 820.544
468.607 822.515
469.073 824.519
469.236 826.577
469.402 828.631
469.826 830.648
470.796 832.502
471.326 834.512
471.854 836.526
472.633 838.466
473.417 840.401
473.791 842.451
473.974 844.534
474.198 846.602
474.505 848.668
475.105 850.665
476.022 852.569
476.763 854.531
477.453 856.511
477.728 858.586
477.836 860.697
478.207 862.77
478.924 864.771
479.832 866.709
480.754 868.636
481.314 870.692
481.532 872.815
480.954 874.846
479.46 876.414
477.757 877.798
476.437 879.536
475.119 881.29
473.546 882.78
471.756 884.062
470.093 885.458
468.604 887.073
466.694 888.138
465.094 889.666
463.215 890.827
461.404 892.113
459.89 893.71
458.602 895.541
457.346 897.402
455.587 898.808
453.833 900.22
452.273 901.81
450.841 903.556
449.357 905.255
447.416 906.425
445.539 907.688
443.943 909.26
442.578 911.076
441.252 912.878
440.088 914.777
439.477 916.914
439.334 919.145
439.33 921.393
439.448 923.643
439.652 925.893
439.914 928.136
440.459 930.326
441.005 932.512
441.335 934.735
441.792 936.927
442.017 939.148
442.145 941.374
442.244 943.599
442.393 945.819
442.699 948.024
443.238 950.19
443.992 952.295
444.758 954.379
445.874 956.267
447.606 957.641
449.553 958.735
451.652 959.446
453.879 959.586

