CONTOUR

1

1303

682.317 1040.69
684.288 1039.42
685.746 1037.46
687.485 1035.76
689.19 1034.02
690.441 1031.94
691.78 1029.93
693.4 1028.19
695.179 1026.56
696.494 1024.57
698.059 1022.77
699.485 1020.85
700.977 1018.99
702.522 1017.17
703.705 1015.09
705.165 1013.16
706.348 1011.11
707.53 1009.06
708.594 1006.94
709.696 1004.84
711.167 1002.93
712.027 1000.71
713.449 998.759
714.435 996.596
715.512 994.493
716.694 992.457
717.635 990.313
718.329 988.082
719.256 985.935
720.318 983.851
721.704 981.966
722.89 979.981
724.087 977.988
725.033 975.871
725.922 973.754
727.084 971.764
728.298 969.802
729.366 967.754
730.489 965.745
731.983 964.011
733.707 962.505
735.778 961.474
737.892 960.53
739.886 959.348
741.843 958.081
743.978 957.158
746.048 956.082
747.908 954.649
749.716 953.147
751.458 951.503
753.224 949.896
755.124 948.503
757.022 947.091
758.943 945.692
760.361 943.763
762.165 942.243
763.965 940.739
765.712 939.176
767.519 937.651
769.094 935.867
770.727 934.206
772.351 932.546
773.935 930.847
775.676 929.274
777.388 927.633
778.952 925.885
780.609 924.256
782.204 922.56
783.828 920.87
785.611 919.288
787.073 917.405
788.609 915.592
790.112 913.755
791.581 911.853
793.362 910.257
794.977 908.54
796.523 906.753
797.982 904.892
799.578 903.095
801.196 901.283
802.774 899.477
804.403 897.708
805.866 895.779
807.587 894.079
809.484 892.581
811.149 890.854
812.746 889.052
814.284 887.177
815.755 885.208
816.673 884.378
817.591 883.547
819.172 881.683
820.526 879.623
821.854 877.561
823.621 875.853
825.448 874.176
826.749 872.075
828.16 870.087
829.726 868.266
831.581 866.696
833.491 865.182
834.967 863.257
836.356 861.241
837.922 859.387
839.642 857.653
841.291 855.832
842.891 854.034
844.58 852.336
846.231 850.604
847.881 848.874
849.728 847.297
851.228 845.393
852.786 843.561
854.364 841.75
855.683 839.731
857.35 838
859.062 836.371
860.725 834.689
862.377 832.998
863.874 831.138
865.603 829.399
867.179 827.556
868.585 825.578
869.855 823.49
871.518 821.682
873.342 820.033
874.825 818.109
876.159 816.057
877.642 814.168
879.413 812.521
881.164 810.866
882.738 809.086
884.144 807.144
885.433 805.112
887.039 803.305
887.91 801.084
889.404 799.243
890.889 797.43
892.544 795.775
893.839 793.868
895.219 792.001
896.859 790.411
898.314 788.685
899.668 786.869
900.954 784.988
902.245 783.063
903.714 781.217
905.534 779.652
907.04 777.806
908.399 775.808
909.892 773.944
911.656 772.311
913.405 770.641
914.829 768.716
916.262 766.785
917.708 764.864
919.501 763.248
921.315 761.663
922.738 759.727
924.243 757.883
925.837 756.158
927.615 754.584
929.474 753.085
930.959 751.221
932.338 749.229
933.892 747.394
935.58 745.649
937.15 743.777
938.614 741.862
940.198 740.062
941.677 738.177
943.25 736.341
944.558 734.354
946.028 732.484
947.474 730.607
948.919 728.729
950.512 726.965
951.788 724.922
953.324 723.071
954.725 721.141
956.229 719.255
957.627 717.292
959.419 715.671
961.144 714.002
962.389 711.971
963.697 709.994
965.074 708.099
966.205 706.069
967.366 704.042
968.649 702.133
969.868 700.213
970.863 698.186
971.966 696.205
972.939 694.165
973.61 692.04
974.16 689.898
974.982 687.848
975.729 685.773
976.365 683.661
977.02 681.572
977.446 679.445
977.895 677.333
978.581 675.301
979.112 673.237
979.15 671.116
979.13 668.999
979.273 666.894
979.559 664.811
980.09 662.777
980.419 660.719
980.621 658.653
980.814 656.594
981.084 654.548
981.189 652.49
981.236 650.431
981.301 648.374
981.427 646.327
981.509 644.281
981.589 642.23
981.704 640.176
981.926 638.144
982.02 636.108
982.039 634.068
982.029 632.028
982.186 630
982.651 628.01
983.213 626.04
983.486 624.019
983.604 621.968
983.651 619.925
983.916 617.911
984.598 615.959
985.127 613.984
985.363 611.951
985.509 609.903
985.839 607.885
986.509 605.928
987.068 603.932
987.62 601.923
987.974 599.867
988.136 597.798
988.313 595.728
988.515 593.66
988.801 591.599
989.18 589.547
989.481 587.483
989.632 585.404
989.634 583.318
989.568 581.215
989.496 579.114
989.418 577.019
989.27 574.923
989.167 572.799
989.16 570.67
989.193 568.543
988.968 566.448
987.924 564.613
986.483 562.993
985.255 561.25
983.931 559.535
983.232 557.484
982.146 555.619
981.341 553.616
980.931 551.495
981.285 549.407
982.702 547.788
984.304 546.338
986.002 544.951
987.349 543.213
988.423 541.26
989.046 539.12
989.327 536.884
989.514 534.613
989.502 532.333
989.295 530.069
988.844 527.819
987.997 525.682
986.973 523.609
986.192 521.436
985.305 519.304
984.11 517.303
983.029 515.238
981.449 513.463
980.25 511.432
978.984 509.431
977.451 507.659
975.56 506.22
973.682 504.756
972.085 503.007
971.053 500.846
970.857 498.451
971.242 496.031
971.17 493.614
970.17 491.444
968.323 489.931
966.051 489.182
963.629 489.087
961.22 489.362
959.036 490.372
957.045 491.792
955.279 493.477
953.705 495.367
951.895 497.018
950.1 498.6
948.306 500.171
946.548 501.769
945.027 503.616
943.397 505.398
941.523 506.912
939.528 508.248
937.214 508.844
934.788 508.858
932.368 508.793
929.982 509.023
927.709 509.745
925.912 511.29
924.436 513.188
922.832 514.938
921.294 516.727
919.486 518.276
917.743 519.852
916.349 521.784
914.739 523.529
913.167 525.305
911.535 527.048
909.315 527.668
907.006 527.45
905.414 525.858
905.206 523.589
906.079 521.446
907.712 519.669
908.788 517.559
909.889 515.481
911.471 513.695
912.983 511.878
914.55 510.138
916.275 508.576
917.905 506.912
919.654 505.342
921.321 503.696
922.883 501.948
924.555 500.334
926.181 498.679
927.884 497.098
929.565 495.423
930.839 493.419
932.215 491.492
933.54 489.537
935.045 487.679
936.059 485.566
937.688 483.847
938.959 481.889
940.197 479.89
941.431 477.903
942.675 475.949
943.76 473.916
945.009 471.956
946.18 470.007
947.315 468.052
948.432 466.074
949.258 463.967
949.863 461.8
950.184 459.576
950.225 457.33
950.041 455.092
949.934 452.849
949.884 450.608
949.843 448.369
949.765 446.147
949.84 443.932
950.385 441.79
951.487 439.859
953.088 438.283
954.168 436.38
955.111 434.38
956.358 432.559
957.78 430.872
959.433 429.36
961.205 427.986
962.832 426.434
964.606 425.079
966.156 423.431
967.862 421.925
969.975 421.048
972.019 420.06
973.892 418.754
975.749 417.403
977.394 415.736
979.283 414.419
981.11 413.002
983.11 411.82
985.008 410.515
986.726 409.025
988.303 407.341
989.791 405.542
991.565 404.028
993.393 402.543
995.011 400.859
996.529 399.061
997.826 397.046
999.476 395.294
1001.16 393.576
1002.48 391.573
1003.94 389.693
1005.69 388.057
1007.15 386.194
1008.02 383.94
1009.66 382.195
1011.13 380.348
1012.42 378.363
1013.34 376.185
1014.37 374.103
1015.63 372.133
1016.8 370.115
1017.66 367.943
1018.82 365.943
1020.01 363.959
1020.84 361.816
1021.41 359.604
1021.81 357.36
1022.04 355.087
1022.05 352.791
1021.97 350.502
1021.93 348.219
1021.74 345.937
1021.32 343.686
1020.41 341.618
1019.04 339.815
1017.44 338.214
1015.59 336.866
1013.88 335.373
1012.18 333.86
1010.06 333.2
1007.86 332.739
1005.73 332.054
1003.71 331.059
1001.61 330.364
999.441 329.996
997.264 329.815
995.079 329.788
992.907 329.865
990.772 330.141
988.716 330.721
986.808 331.744
984.876 332.743
982.817 333.396
980.792 332.875
979.692 331.109
980.018 329.019
981.161 327.194
982.621 325.566
983.915 323.831
985.534 322.323
986.669 320.473
987.69 318.551
988.581 316.568
989.37 314.532
990.166 312.482
991.278 310.559
991.93 308.431
992.784 306.36
993.182 304.18
993.15 301.961
992.699 299.781
991.909 297.679
991.284 295.523
990.417 293.459
989.826 291.311
989.384 289.117
988.586 287.016
987.432 285.084
985.965 283.394
984.139 282.066
982.393 280.716
980.593 279.413
978.704 278.258
976.57 277.716
974.358 277.62
972.145 277.586
969.932 277.625
967.722 277.744
965.547 278.136
963.495 279.032
961.33 279.502
959.144 279.943
957.237 281.185
955.177 282.038
953.141 282.93
951.17 283.991
949.064 284.817
946.991 285.656
945.167 287.027
943.06 287.78
941.201 289.133
939.296 290.347
937.452 291.651
935.529 292.856
933.662 294.152
932.043 295.749
930.473 297.405
929.035 299.195
927.219 300.604
925.246 301.872
923.851 303.74
922.572 305.717
921.193 307.592
919.568 309.314
918.142 311.196
916.734 313.04
915.375 314.893
914.257 316.902
913.459 319.068
912.449 321.101
911.333 323.083
910.213 325.065
909.283 327.136
908.077 329.047
906.811 330.914
905.982 332.992
905.372 335.155
904.403 337.146
903.128 338.982
901.976 340.883
901.265 343.01
900.106 344.884
898.731 346.603
897.471 348.391
895.955 350.007
894.816 351.924
893.07 353.287
890.94 353.856
888.714 353.953
886.483 353.928
884.289 354.128
882.196 354.801
880.277 355.917
878.443 357.153
876.724 358.574
874.935 359.88
873.411 361.535
871.583 362.818
869.812 364.167
868.244 365.706
866.85 367.439
865.467 369.156
863.862 370.683
862.728 372.564
861.199 374.123
859.473 375.525
857.689 376.859
855.579 377.198
853.548 376.432
851.587 375.452
849.58 374.595
847.52 373.865
845.399 373.348
843.388 372.575
841.641 371.239
839.784 370.082
837.823 369.106
836.339 367.518
834.936 365.839
833.276 364.473
831.399 363.39
829.391 362.58
827.284 362.106
825.167 361.693
823.072 361.161
820.992 360.549
818.924 359.896
816.797 359.549
814.653 359.354
812.502 359.218
810.385 358.847
808.288 358.3
806.149 358.064
804.005 358.18
801.925 358.798
799.827 359.21
797.672 359.272
795.527 359.397
793.403 359.706
791.337 360.312
789.366 361.183
787.28 361.597
785.221 362.099
783.181 362.729
781.168 363.454
779.202 364.325
777.211 365.106
775.184 365.757
773.189 366.564
771.232 367.431
769.273 368.321
767.276 369.091
765.173 369.549
763.118 370.13
761.14 370.941
759.227 371.948
757.215 372.763
755.144 373.356
753.172 374.2
751.349 375.418
749.332 376.252
747.438 377.31
745.628 378.518
743.81 379.708
741.854 380.615
739.83 381.285
737.823 381.993
736.131 383.333
734.564 384.725
732.717 385.7
730.73 386.368
728.725 387.005
726.708 387.657
724.631 388.024
722.528 388.125
720.428 388.155
718.336 388.237
716.248 388.268
714.164 388.311
712.096 388.526
710.061 388.946
708.005 389.143
705.948 389.242
703.895 389.4
701.855 389.644
699.804 389.81
697.741 389.855
695.677 389.833
693.626 389.78
691.58 389.753
689.539 389.868
687.5 390.091
685.445 390.193
683.38 390.076
681.339 389.723
679.687 388.586
678.816 386.686
677.788 384.919
676.463 383.361
674.73 382.292
672.729 382.049
670.751 382.668
668.759 383.232
666.713 383.415
664.69 383.756
662.845 384.759
660.885 385.394
658.837 385.674
656.783 385.511
655.074 384.312
653.734 382.713
653.401 380.678
653.431 378.592
653.816 376.548
655.068 374.804
655.978 372.881
657.337 371.214
658.27 369.307
659.284 367.404
660.207 365.46
660.881 363.408
661.454 361.33
662.056 359.252
662.611 357.113
662.453 354.911
661.875 352.76
661.233 350.629
660.436 348.538
659.305 346.589
658.196 344.636
657.098 342.672
655.727 340.853
654.451 338.962
653.456 336.913
652.142 335.031
650.754 333.148
649.2 331.426
647.293 330.056
645.341 328.718
643.557 327.173
641.97 325.361
640.064 323.924
638.166 322.509
636.221 321.186
634.466 319.568
632.598 318.152
630.616 316.887
628.551 315.751
626.42 314.722
624.148 314.165
621.827 313.929
619.485 313.917
617.151 314.022
614.838 314.31
612.505 314.478
610.166 314.616
607.876 315.012
605.774 316.082
603.732 317.228
601.731 318.432
599.708 319.618
597.825 321.041
595.825 322.202
593.816 323.36
591.877 324.614
590.048 325.995
588.5 327.703
586.901 329.398
585.024 330.735
583.086 332.037
581.129 333.352
579.492 335.092
577.519 336.333
575.553 337.616
573.519 338.773
571.502 339.947
569.426 340.992
567.199 341.604
564.962 342.199
562.897 343.255
560.993 344.553
559.073 345.85
557.119 347.175
555.381 348.785
553.486 350.158
551.57 351.554
549.767 353.095
547.885 354.474
545.938 355.772
543.881 356.873
541.833 357.922
539.851 359.107
537.739 359.993
535.704 361.099
533.508 361.784
531.364 362.537
529.416 363.722
527.508 364.981
525.665 366.36
523.837 367.756
521.853 368.861
519.751 369.709
517.807 370.849
515.927 372.08
514.023 373.261
512.104 374.427
510.345 375.764
508.853 377.443
507.252 378.977
505.58 380.426
503.768 381.713
502.296 383.377
500.727 384.916
498.997 386.269
497.493 387.832
496.113 389.512
494.987 391.411
493.497 392.995
491.525 393.762
489.423 393.425
487.775 392.079
487.173 390.017
486.712 387.906
486.024 385.856
485.519 383.781
485.044 381.687
484.669 379.558
484.06 377.485
482.962 375.583
482.154 373.558
481.825 371.402
481.547 369.239
480.877 367.157
479.928 365.151
479.144 363.077
478.078 361.118
477.252 359.059
476.494 356.945
475.464 354.946
474.281 353.032
473.06 351.119
471.539 349.384
469.907 347.758
468.478 345.982
467.054 344.183
465.317 342.716
463.602 341.18
461.672 339.952
459.712 338.778
457.671 337.761
455.713 336.577
453.836 335.269
451.81 334.269
449.614 333.697
447.409 333.14
445.304 332.282
443.23 331.323
441.074 330.596
438.831 330.209
436.559 330.004
434.293 329.8
432.034 329.529
429.78 329.182
427.506 329.005
425.219 328.874
422.923 328.823
420.629 328.823
418.348 329.056
416.087 329.381
413.872 329.923
411.722 330.686
409.69 331.769
407.612 332.767
405.658 333.971
404.097 335.666
402.693 337.539
401.213 339.33
399.622 341.058
398.48 343.112
396.996 344.906
395.66 346.773
394.479 348.749
393.557 350.863
392.368 352.796
391.061 354.649
389.597 356.403
388.486 358.373
387.111 360.169
385.793 362.024
385.01 364.125
384.179 366.202
383.164 368.173
381.835 370.033
381.3 372.2
380.843 374.372
379.979 376.414
378.962 378.389
378.253 380.469
377.725 382.583
377.233 384.696
376.587 386.763
375.748 388.768
375.297 390.878
374.846 392.968
374.263 395.034
373.819 397.123
373.364 399.193
372.74 401.206
372.146 403.222
371.389 405.194
370.724 407.189
370.304 409.232
370.073 411.306
369.817 413.372
369.451 415.415
369.015 417.441
368.347 419.415
367.681 421.393
367.271 423.435
366.757 425.444
366.067 427.403
365.728 429.434
365.526 431.486
365.36 433.542
365.267 435.596
365.137 437.637
364.838 439.657
364.556 441.691
364.369 443.734
364.239 445.783
364.2 447.836
364.276 449.884
364.4 451.927
364.684 453.945
365.25 455.912
365.545 457.931
365.668 459.964
365.747 461.996
365.787 464.025
365.863 466.057
366.122 468.073
366.676 470.038
367.159 472.014
367.297 474.042
367.39 476.076
367.587 478.105
367.897 480.118
368.368 482.098
368.811 484.083
369.083 486.094
369.328 488.107
369.442 490.13
369.508 492.145
369.583 494.151
369.738 496.149
369.866 498.158
369.971 500.163
370.182 502.156
370.568 504.122
370.883 506.111
371.22 508.095
371.593 510.075
372.047 512.038
372.293 514.053
372.43 516.074
372.508 518.093
372.554 520.109
372.619 522.129
372.743 524.144
372.988 526.145
373.417 528.121
373.645 530.118
373.766 532.129
373.858 534.15
373.963 536.172
374.261 538.173
374.725 540.147
375.145 542.131
375.396 544.139
375.503 546.165
375.574 548.192
375.678 550.215
375.961 552.214
376.54 554.156
377.039 556.112
377.289 558.108
377.629 560.089
377.841 562.089
377.951 564.093
378.049 566.097
378.154 568.098
378.233 570.099
378.338 572.101
378.448 574.106
378.644 576.105
378.871 578.107
379.159 580.104
379.435 582.104
379.633 584.113
379.858 586.122
380.073 588.127
380.269 590.128
380.471 592.124
380.601 594.126
380.71 596.125
380.87 598.115
381.16 600.088
381.279 602.068
381.312 604.055
381.377 606.045
381.578 608.027
381.696 610.014
381.784 612.005
381.876 613.998
381.969 615.997
382.02 617.995
382.037 619.993
382.038 621.991
382.036 623.988
382.036 625.986
382.034 627.983
382.013 629.98
381.97 631.976
381.956 633.976
381.941 635.975
381.936 637.975
381.94 639.976
381.866 641.978
381.773 643.975
381.649 645.966
381.429 647.951
381.31 649.947
381.266 651.944
381.183 653.936
380.925 655.913
380.697 657.907
380.554 659.911
380.459 661.922
380.441 663.938
380.512 665.953
380.616 667.966
380.68 669.977
380.703 671.988
380.706 674.002
380.702 676.016
380.696 678.033
380.695 680.051
380.697 682.07
380.717 684.095
380.774 686.126
380.829 688.164
380.792 690.201
380.696 692.246
380.588 694.298
380.493 696.36
380.453 698.433
380.454 700.514
380.461 702.603
380.43 704.696
380.318 706.797
380.14 708.907
380.021 711.036
380.025 713.176
380.017 715.326
379.94 717.484
379.794 719.65
379.801 721.829
380.064 724
380.392 726.166
380.842 728.319
381.154 730.492
381.492 732.668
382.344 734.693
383.55 736.554
384.82 738.389
386.006 740.26
387.515 741.9
388.988 743.598
390.431 745.319
392.087 746.801
393.968 748.068
395.683 749.511
397.298 751.105
399.425 751.922
401.171 753.335
402.788 754.859
404.058 756.688
404.829 758.773
405.129 760.955
404.475 763.039
403.097 764.841
401.988 766.793
401.427 768.956
401.068 771.168
400.418 773.296
399.326 775.226
397.913 776.961
397.253 779.056
396.572 781.15
395.562 783.126
394.587 785.101
394.107 787.23
393.831 789.396
393.4 791.529
392.69 793.582
391.565 795.465
390.395 797.323
389.558 799.347
388.766 801.396
387.908 803.412
386.981 805.409
386.375 807.518
385.916 809.666
385.21 811.739
383.844 813.53
382.981 815.581
381.788 817.489
381.344 819.66
380.965 821.858
380.058 823.909
378.966 825.909
378.252 828.064
377.72 830.285
377.051 832.463
375.974 834.493
374.712 836.434
373.906 838.58
373.662 840.866
373.65 843.17
374.027 845.434
375.123 847.499
376.24 849.548
378.041 851.063
379.852 852.576
381.783 853.947
383.614 855.519
385.474 857.086
387.46 858.436
389.415 859.832
391.439 861.136
393.598 862.226
395.632 863.519
397.539 865.026
399.673 866.132
401.859 867.17
404 868.306
406.25 869.155
408.594 869.728
410.995 869.829
413.363 869.493
415.369 868.207
417.128 866.556
418.723 864.776
420.337 863.006
421.607 860.908
423.382 859.228
425.168 857.577
426.398 855.49
427.733 853.487
429.298 851.684
430.993 849.969
431.853 847.703
433.443 845.919
434.823 844.031
436.092 842.058
437.038 839.917
437.965 837.809
439.083 835.79
440.204 833.774
441.276 831.74
442.224 829.669
443.191 827.619
444.319 825.647
445.237 823.582
445.844 821.408
446.712 819.352
448.003 817.507
449.233 815.637
450.174 813.617
451.142 811.624
452.266 809.705
453.176 807.692
453.811 805.582
454.561 803.526
455.508 801.551
456.626 799.654
457.874 797.854
459.482 796.419
461.54 795.755
463.711 795.829
465.811 796.42
467.786 797.325
469.6 798.587
471.57 799.57
473.387 800.844
475.194 802.097
477.08 803.24
478.987 804.389
480.953 805.439
482.847 806.584
484.737 807.742
486.53 809.089
488.452 810.233
490.416 811.327
492.326 812.52
494.239 813.694
495.972 815.195
498.078 816.188
499.885 817.657
501.841 818.875
503.83 820.082
505.922 821.12
507.845 822.443
509.743 823.804
511.649 825.193
513.699 826.35
515.693 827.584
517.717 828.754
519.809 829.813
521.777 831.14
523.752 832.422
525.837 833.494
527.863 834.711
529.837 836.04
531.766 837.4
533.551 838.986
535.794 839.8
537.707 841.241
539.692 842.499
541.629 843.832
543.679 844.98
545.876 845.868
547.722 847.375
549.629 848.771
551.646 850.004
553.613 851.325
555.565 852.648
557.562 853.9
559.463 855.364
561.581 856.436
563.586 857.674
565.521 859.017
567.453 860.417
569.597 861.419
571.619 862.617
573.599 863.876
575.477 865.327
577.488 866.562
579.514 867.76
581.622 868.802
583.698 869.906
585.601 871.321
587.472 872.757
589.526 873.877
591.604 874.998
593.611 876.266
595.567 877.571
597.371 879.136
599.637 879.882
601.524 881.368
603.479 882.69
605.415 884.067
607.392 885.396
609.14 887.049
611.174 888.227
613.146 889.535
615.324 890.488
617.398 891.65
619.465 892.796
621.519 893.961
623.394 895.463
625.268 896.953
627.184 898.322
629.113 899.688
631.12 900.942
633.174 902.067
635.137 903.353
637.178 904.503
639.315 905.484
641.341 906.636
643.171 908.081
644.967 909.561
646.76 911.085
648.982 911.835
650.733 913.356
652.602 914.666
654.441 916.03
656.338 917.289
658.476 918.099
660.442 919.25
662.279 920.606
664.185 921.85
666.156 922.988
668.022 924.297
669.882 925.597
671.58 927.149
673.551 928.282
675.507 929.414
677.306 930.792
679.026 932.266
679.455 934.382
679.101 936.529
677.625 938.295
676.673 940.306
675.936 942.402
675.023 944.434
674.162 946.474
673.141 948.438
671.761 950.236
671.08 952.374
669.849 954.294
669.184 956.43
668.404 958.523
667.319 960.5
666.34 962.514
665.305 964.493
663.892 966.29
663.1 968.416
661.86 970.351
661.143 972.494
660.416 974.655
659.377 976.701
658.356 978.746
657.464 980.861
656.259 982.85
655.181 984.867
653.839 986.769
653.191 988.96
652.612 991.202
651.564 993.269
650.361 995.26
649.283 997.332
647.928 999.292
647.177 1001.53
645.708 1003.42
644.724 1005.54
643.911 1007.75
642.934 1009.92
642.334 1012.2
642.341 1014.55
642.982 1016.81
644.409 1018.7
646.067 1020.4
647.968 1021.85
649.851 1023.39
651.604 1025.06
653.491 1026.51
655.476 1027.86
657.531 1029.09
659.441 1030.51
661.447 1031.76
663.293 1033.3
665.287 1034.57
667.243 1035.88
669.32 1036.96
671.467 1037.94
673.445 1039.25
675.495 1040.41
677.701 1041.21
680.037 1041.26

