CONTOUR

2

1413

542.191 1007.13
544.268 1007.42
546.373 1007.32
548.427 1006.78
550.482 1006.23
552.525 1005.67
554.635 1005.5
556.761 1005.38
558.893 1005.28
561.002 1005.11
563.085 1004.79
565.168 1004.43
567.243 1004.03
569.329 1003.72
571.437 1003.63
573.538 1003.47
575.615 1003.16
577.647 1002.7
579.675 1002.13
581.644 1001.43
583.505 1000.48
585.071 999.131
585.669 997.149
586.079 995.102
586.515 993.04
586.801 990.957
586.881 988.856
586.663 986.748
586.23 984.682
585.791 982.646
585.695 980.575
585.705 978.506
585.72 976.444
585.71 974.385
585.705 972.331
585.669 970.279
585.578 968.224
585.473 966.182
585.539 964.147
585.643 962.111
585.665 960.078
585.538 958.041
585.448 956.008
585.317 953.989
585.089 951.982
584.741 950.013
584.709 948.023
584.721 946.034
584.719 944.045
584.702 942.059
584.679 940.076
584.661 938.096
584.644 936.119
584.648 934.144
584.65 932.171
584.65 930.199
584.65 928.229
584.65 926.26
584.65 924.293
584.65 922.328
584.646 920.363
584.629 918.397
584.61 916.428
584.58 914.462
584.552 912.499
584.497 910.522
584.441 908.534
584.485 906.55
585.159 904.735
586.826 903.805
588.797 903.716
590.775 903.614
592.695 903.213
594.641 902.814
596.609 902.603
598.549 902.287
600.475 901.851
602.454 901.731
604.438 901.702
606.419 901.635
608.385 901.411
610.346 901.078
612.302 900.599
614.276 900.19
616.254 899.827
618.272 899.734
620.291 899.608
622.296 899.352
624.268 898.942
626.245 898.633
628.229 898.338
630.213 898.027
632.209 897.767
634.232 897.656
636.25 897.576
638.246 897.349
640.211 896.827
642.206 896.57
644.208 896.292
646.2 895.921
648.208 895.716
650.22 895.517
652.218 895.182
654.212 894.835
656.229 894.665
658.225 894.245
660.213 893.885
662.198 893.741
664.183 893.675
666.172 893.421
668.125 892.916
670.093 892.543
672.052 892.183
674.033 891.829
676.054 891.754
678.061 891.557
680.036 891.115
682.026 890.835
684.024 890.637
686.026 890.446
688.012 890.105
690.017 889.828
692.03 889.645
694.043 889.481
696.057 889.276
698.061 889.125
700.078 889.031
702.094 888.88
704.061 888.37
706.058 887.949
708.058 887.66
710.075 887.497
712.087 887.239
714.084 886.889
716.117 886.776
718.117 886.525
720.113 886.14
722.114 885.767
724.138 885.689
726.155 885.627
728.153 885.437
730.156 885.162
732.122 884.669
734.098 884.186
736.087 883.772
738.106 883.651
740.131 883.61
742.155 883.568
744.172 883.419
746.17 883.122
748.149 882.614
750.133 882.138
752.133 881.78
754.163 881.641
756.194 881.532
758.216 881.325
760.181 880.778
762.174 880.424
764.149 879.999
766.147 879.737
768.16 879.544
770.174 879.321
772.164 878.937
774.155 878.634
776.148 878.385
778.145 877.993
780.144 877.793
782.137 877.711
784.122 877.565
786.111 877.347
788.085 876.994
790.071 876.658
792.081 876.543
794.088 876.462
796.089 876.317
798.084 876.139
800.059 875.803
802.077 875.641
804.09 875.432
806.085 875.106
808.062 874.735
810.055 874.611
812.059 874.488
814.048 874.261
815.996 873.799
817.973 873.459
819.955 873.133
821.932 872.838
823.902 872.601
825.865 872.266
827.808 871.851
829.794 871.755
831.781 871.565
833.764 871.385
835.757 871.269
837.755 871.299
839.741 871.181
841.696 870.668
843.577 869.942
845.523 869.846
847.284 870.626
848.167 872.351
848.298 874.324
848.311 876.313
848.316 878.299
848.303 880.29
848.291 882.276
848.29 884.263
848.29 886.25
848.29 888.24
848.29 890.23
848.29 892.223
848.29 894.217
848.29 896.214
848.29 898.213
848.29 900.215
848.29 902.22
848.29 904.227
848.29 906.238
848.289 908.253
848.281 910.271
848.278 912.291
848.385 914.316
848.434 916.357
848.381 918.402
848.335 920.444
848.399 922.486
848.577 924.526
848.788 926.572
849.141 928.62
849.261 930.697
849.211 932.783
849.066 934.878
848.953 936.982
849.146 939.075
849.315 941.169
849.472 943.27
850.021 945.298
850.951 947.2
851.742 949.152
852.291 951.207
852.678 953.305
853.274 955.345
854.075 957.309
855.25 959.122
856.367 960.907
858.078 962.068
860.142 962.575
862.241 962.777
864.36 962.645
866.478 962.511
868.611 962.389
870.741 962.235
872.855 961.936
874.982 961.716
877.118 961.569
879.249 961.496
881.388 961.545
883.515 961.605
885.637 961.547
887.727 961.132
889.785 960.563
891.83 959.97
893.933 959.693
896.054 959.441
898.107 958.944
900.056 958.172
901.802 956.991
903.321 955.514
904.167 953.606
904.503 951.537
904.566 949.434
904.563 947.331
904.564 945.232
904.587 943.137
904.597 941.051
904.594 938.97
904.621 936.894
904.851 934.831
905.076 932.756
905.256 930.679
905.435 928.61
905.563 926.55
905.589 924.503
905.588 922.46
905.588 920.422
905.589 918.388
905.588 916.357
905.586 914.33
905.625 912.308
905.834 910.299
906.161 908.294
906.437 906.269
906.558 904.236
906.609 902.22
906.635 900.208
906.667 898.193
906.738 896.175
906.881 894.168
906.98 892.157
907.098 890.144
907.229 888.129
907.418 886.127
907.569 884.125
907.623 882.118
907.604 880.107
907.627 878.099
907.633 876.089
907.633 874.077
907.633 872.062
907.636 870.046
907.703 868.026
907.994 866.012
908.465 864.02
909.291 862.17
910.622 860.649
912.45 859.821
914.46 859.544
916.511 859.343
918.495 858.772
920.447 858.128
922.436 857.587
924.458 857.139
926.45 856.586
928.422 855.932
930.474 855.562
932.505 855.107
934.369 854.147
936.117 852.977
937.774 851.616
939.077 849.937
940.083 848.039
940.95 846.11
941.564 844.091
942.092 842.035
942.59 839.974
943.024 837.908
943.473 835.828
943.9 833.756
944.396 831.7
944.829 829.646
945.259 827.589
945.542 825.513
945.759 823.435
946.353 821.419
947.12 819.455
947.627 817.43
948.189 815.408
948.913 813.431
949.631 811.455
950.361 809.493
951.279 807.582
951.747 805.551
952.28 803.511
952.824 801.481
953.448 799.481
954.002 797.447
954.646 795.443
955.332 793.452
955.749 791.395
956.226 789.342
956.793 787.308
957.293 785.264
957.743 783.201
958.363 781.195
959.075 779.206
959.603 777.17
960.377 775.222
961.227 773.286
961.781 771.256
962.383 769.231
963.018 767.217
963.621 765.173
964.418 763.209
965.285 761.254
965.913 759.22
966.407 757.146
966.987 755.09
967.489 753.016
967.991 750.934
968.884 748.953
969.572 746.921
970.417 744.936
971.332 742.978
972.227 740.982
973.191 739.024
974.04 737.017
975.323 735.181
976.368 733.216
977.377 731.23
978.331 729.215
979.324 727.21
980.266 725.163
981.38 723.197
982.348 721.175
983.438 719.212
984.531 717.221
985.711 715.298
986.945 713.418
988.076 711.475
989.107 709.5
990.173 707.582
991.42 705.783
992.543 703.919
993.605 702.074
994.628 700.22
995.76 698.424
996.976 696.697
998.229 694.997
999.435 693.198
1000.43 691.264
1001.44 689.322
1002.53 687.388
1003.65 685.457
1005.02 683.655
1006.2 681.754
1007.43 679.84
1008.91 678.143
1010.25 676.381
1011.65 674.651
1013.1 672.946
1014.31 671.062
1015.49 669.118
1016.81 667.261
1017.99 665.339
1019.2 663.424
1020.38 661.488
1021.61 659.591
1022.91 657.737
1024.02 655.755
1025.43 653.974
1026.44 651.977
1027.46 650
1028.59 648.08
1029.81 646.254
1031.11 644.492
1032.13 642.561
1033.32 640.729
1034.65 638.985
1035.85 637.104
1036.9 635.145
1037.98 633.216
1039.27 631.388
1040.3 629.409
1041.42 627.499
1042.66 625.642
1043.92 623.785
1045.11 621.929
1046.11 619.966
1047.25 618.068
1047.94 615.95
1049.33 614.218
1050.53 612.404
1051.58 610.485
1052.43 608.47
1053.22 606.448
1053.87 604.385
1054.69 602.367
1055.35 600.308
1055.58 598.165
1055.77 596.034
1056.34 593.971
1056.79 591.862
1057.31 589.802
1057.71 587.734
1058.28 585.693
1058.84 583.65
1059.49 581.618
1060.13 579.606
1060.92 577.65
1061.64 575.684
1062.27 573.698
1062.73 571.661
1063.31 569.654
1063.72 567.611
1064.22 565.597
1064.51 563.562
1064.58 561.514
1064.68 559.465
1065.1 557.461
1065.45 555.452
1065.76 553.425
1066.24 551.431
1066.52 549.399
1066.75 547.365
1067.13 545.354
1067.48 543.335
1067.66 541.302
1067.88 539.266
1068.26 537.244
1068.56 535.207
1068.86 533.184
1069.37 531.204
1069.74 529.192
1070.16 527.196
1070.46 525.17
1070.57 523.112
1070.81 521.056
1071.29 519.061
1071.5 516.988
1071.57 514.913
1071.59 512.837
1071.6 510.758
1071.6 508.688
1071.6 506.616
1071.6 504.541
1071.6 502.463
1071.6 500.383
1071.6 498.3
1071.59 496.213
1071.56 494.125
1071.56 492.031
1071.56 489.927
1071.45 487.82
1071.05 485.759
1070.57 483.69
1070.12 481.626
1069.34 479.642
1068.34 477.756
1067.28 475.891
1066.24 474.02
1064.83 472.466
1063.13 471.163
1061.4 469.763
1059.49 468.696
1057.51 467.75
1055.47 466.995
1053.35 466.384
1051.22 465.838
1049.07 465.49
1046.93 465.024
1044.82 464.613
1042.66 464.332
1040.54 463.836
1038.43 463.316
1036.3 462.922
1034.15 462.576
1032 462.358
1029.85 461.981
1027.7 461.716
1025.53 461.574
1023.36 461.568
1021.18 461.721
1019.01 461.996
1016.87 462.458
1014.77 463.113
1012.6 463.475
1010.48 463.967
1008.47 464.847
1006.5 465.816
1004.61 466.936
1002.75 468.111
1000.85 469.221
999.062 470.527
997.157 471.719
995.41 473.135
993.62 474.468
991.823 475.826
989.999 477.106
988.202 478.319
986.535 479.738
985.088 481.409
983.49 482.933
981.833 484.381
980.262 485.887
978.894 487.596
977.761 489.496
976.696 491.399
975.413 493.185
974.202 495.015
973.195 496.911
972.234 498.809
970.849 500.356
968.813 500.426
967.511 498.862
966.789 496.884
966.173 494.885
965.684 492.842
965.288 490.768
964.733 488.736
964.052 486.759
963.519 484.733
963.058 482.683
962.718 480.594
962.533 478.492
962.227 476.42
961.648 474.396
961.178 472.35
960.583 470.377
959.872 468.433
959.033 466.551
957.673 464.915
956.698 463.035
956.019 461.014
955.532 458.945
954.782 456.954
953.941 454.987
953.639 452.865
953.544 450.727
953.343 448.608
952.784 446.546
952.143 444.486
951.403 442.489
950.417 440.578
949.696 438.554
949.523 436.403
949.118 434.319
948.043 432.464
946.978 430.595
946.465 428.486
945.803 426.416
944.955 424.427
943.765 422.556
943.113 420.464
942.507 418.363
942.026 416.217
941.271 414.122
940.699 411.965
940.109 409.818
939.251 407.786
938.232 405.821
937.361 403.808
936.672 401.713
935.826 399.646
934.92 397.624
933.815 395.694
932.937 393.652
931.932 391.654
930.971 389.635
930.077 387.601
929.168 385.584
927.948 383.692
926.801 381.805
925.472 380.032
923.837 378.567
921.834 377.561
919.891 376.49
917.933 375.458
915.903 374.612
913.78 374.04
911.666 373.41
909.567 372.678
907.666 371.565
906.182 369.957
905.349 367.907
904.7 365.792
904.007 363.679
903.128 361.67
901.503 360.212
899.407 359.426
897.27 358.783
895.113 358.19
893.095 357.268
891.408 355.793
889.757 354.245
887.784 353.178
885.699 352.445
883.555 351.864
881.362 351.507
879.18 351.087
877.2 349.964
875.078 349.231
872.915 348.685
870.706 348.606
868.531 349.057
866.465 349.898
864.601 351.227
862.512 351.985
860.294 351.796
858.266 350.898
856.573 349.406
855.16 347.608
853.776 345.787
852.203 344.15
850.039 343.567
847.792 343.384
845.576 342.94
843.333 342.71
841.155 343.182
839.165 344.223
837.552 345.754
836.644 347.8
836.664 350.025
837.719 351.954
839.387 353.53
841.267 354.82
843.074 356.187
844.514 357.909
845.613 359.888
846.623 361.91
847.472 363.999
848.309 366.077
849.012 368.204
849.547 370.375
850.266 372.499
850.784 374.656
851.268 376.804
850.964 378.945
849.716 380.689
847.739 381.458
845.624 380.986
843.71 379.877
841.814 378.745
839.777 377.926
837.635 377.503
835.456 377.528
833.43 378.242
831.746 379.591
830.779 381.499
830.491 383.627
831.009 385.713
831.895 387.688
833.304 389.404
834.579 391.24
836.265 392.667
837.69 394.287
837.59 396.384
835.834 397.696
833.945 398.889
832.484 400.496
831.174 402.256
829.751 403.95
828.381 405.688
826.848 407.291
825.364 408.941
824.528 410.94
824.495 413.109
824.475 415.282
824.27 417.448
823.662 419.562
823.184 421.734
822.434 423.815
820.719 425.058
819.039 423.678
817.639 421.919
816.154 420.259
814.666 418.627
813.308 416.901
812.106 415.03
811.188 413
810.16 411.018
809.138 409.056
807.688 407.314
806.434 405.449
805.173 403.608
803.965 401.741
802.677 399.936
801.139 398.396
799.529 396.921
797.898 395.471
796.548 393.775
795.151 392.117
793.467 390.81
791.694 389.553
789.95 388.325
788.257 387.031
786.505 385.746
784.647 384.634
782.796 383.491
780.729 382.684
778.673 381.838
776.48 381.558
774.288 381.217
772.139 380.66
770.002 380.009
767.85 379.449
765.846 378.526
764.415 376.883
763.52 374.857
762.813 372.727
762.111 370.595
761.575 368.438
760.96 366.309
760.32 364.172
759.682 362.045
759.283 359.841
758.308 357.837
757.556 355.771
756.997 353.642
756.471 351.51
755.8 349.404
755.154 347.309
754.393 345.246
753.537 343.209
752.603 341.194
751.345 339.345
750.098 337.5
749.076 335.517
747.612 333.86
746.05 332.306
744.37 330.867
742.532 329.658
740.66 328.479
738.878 327.17
737.201 325.701
735.416 324.341
733.828 322.759
732.232 321.191
730.587 319.667
728.946 318.16
727.364 316.61
725.668 315.115
723.774 313.956
721.765 313.01
719.871 311.801
717.954 310.709
716.052 309.625
714.032 308.824
711.973 308.074
710.014 307.125
708.009 306.269
705.983 305.515
703.953 304.761
702.048 303.749
700.145 302.817
698.247 301.82
696.153 301.349
694.139 300.652
692.182 299.827
690.182 299.182
688.152 298.633
686.067 298.434
683.976 298.421
681.889 298.425
679.808 298.466
677.734 298.68
675.655 298.936
673.559 298.901
671.489 298.645
669.424 298.403
667.368 298.131
665.32 297.829
663.263 297.594
661.229 297.358
659.204 297.014
657.203 296.55
655.227 296.017
653.248 295.45
651.296 294.784
649.351 294.134
647.429 293.422
645.545 292.577
643.687 291.686
641.784 290.918
639.854 290.164
638.309 288.857
637.579 287.008
637.693 284.985
638.119 282.962
638.409 280.92
638.494 278.86
638.556 276.8
638.874 274.753
639.371 272.724
639.57 270.649
639.582 268.562
639.525 266.471
639.33 264.376
638.854 262.331
638.637 260.246
638.576 258.14
638.529 256.029
638.231 253.938
637.766 251.869
637.511 249.76
637.366 247.61
637.11 245.463
636.564 243.367
635.932 241.29
635.311 239.215
634.506 237.216
633.541 235.274
632.522 233.344
631.403 231.448
629.928 229.795
628.314 228.331
626.622 226.941
624.816 225.698
622.835 224.746
620.761 224.037
618.645 223.491
616.49 223.039
614.352 222.534
612.173 222.397
609.985 222.428
607.819 222.66
605.694 223.224
603.544 223.585
601.526 224.367
599.56 225.294
597.639 226.315
595.73 227.34
593.893 228.481
592.215 229.793
590.491 231.084
588.679 232.238
587.212 233.787
586.208 235.69
585.372 237.67
584.341 239.573
583.206 241.403
581.244 241.999
579.645 240.73
579.406 238.629
579.527 236.478
579.608 234.327
579.542 232.164
579.37 229.988
579.14 227.811
578.965 225.642
579.126 223.45
578.977 221.256
578.652 219.087
578.401 216.897
577.862 214.74
577.294 212.586
576.414 210.535
575.268 208.614
573.573 207.089
571.996 205.392
570.081 204.145
567.97 203.202
565.874 202.282
563.789 201.338
562.788 200.78
561.787 200.221
559.795 199.071
557.805 197.896
555.581 197.582
553.337 197.764
551.23 198.621
549.344 199.931
547.679 201.53
546.005 203.114
544.744 205.045
543.494 206.966
542.203 208.851
541.288 210.905
540.341 212.942
539.505 215.029
538.548 217.041
537.548 219.029
536.718 221.077
535.896 223.14
535.375 225.272
534.679 227.342
534.082 229.43
533.58 231.533
533.162 233.649
532.67 235.764
532.377 237.905
532.343 240.048
532.164 242.169
531.787 244.267
531.533 246.373
531.391 248.481
531.364 250.587
531.366 252.689
531.376 254.787
531.401 256.881
531.403 258.972
531.404 261.06
531.481 263.142
531.744 265.201
532.11 267.243
532.35 269.306
532.611 271.372
533.074 273.402
533.31 275.466
533.521 277.526
533.965 279.566
534.362 281.573
534.721 283.589
535.279 285.563
535.769 287.565
536.6 289.469
537.192 291.439
537.665 293.455
538.255 295.445
538.673 297.478
539.265 299.464
539.724 301.483
540.163 303.522
540.377 305.595
540.305 307.67
539.594 309.594
538.146 311.062
536.096 311.578
534.159 312.328
532.521 313.585
531.341 315.284
530.55 317.239
529.89 319.233
529.574 321.304
529.471 323.402
529.332 325.49
528.877 327.554
528.51 329.612
528.404 331.705
528.227 333.812
527.713 335.849
527.466 337.955
527.429 340.069
527.585 342.18
528.038 344.257
528.309 346.361
528.408 348.484
528.424 350.608
528.44 352.727
528.571 354.839
529.061 356.911
529.475 358.993
530.068 361.026
530.906 362.97
531.952 364.82
533.278 366.433
534.956 367.72
536.527 369.105
538.446 369.838
540.417 370.43
542.444 370.639
544.451 370.425
546.396 369.743
548.357 369.234
550.342 369.061
551.924 370.193
551.924 372.216
551.318 374.121
550.364 375.925
549.652 377.82
549.195 379.791
548.751 381.766
548.509 383.763
548.345 385.778
548.381 387.779
548.721 389.754
549.136 391.722
549.299 393.723
549.385 395.72
549.522 397.71
549.747 399.694
549.995 401.684
550.086 403.714
549.835 405.71
549.46 407.653
549.017 409.603
548.449 411.528
547.843 413.443
547.503 415.409
547.284 417.398
546.892 419.359
546.504 421.315
546.276 423.294
546.022 425.239
545.606 427.172
545.343 429.132
545.265 431.093
545.313 433.082
545.373 435.082
545.414 437.084
545.47 439.08
545.557 441.074
545.425 443.044
544.242 444.51
542.386 444.048
541.698 442.231
541.63 440.22
541.531 438.195
541.455 436.148
541.337 434.088
541.079 432.045
540.581 430.076
540.193 428.086
539.393 426.229
538.346 424.473
537.019 422.905
535.54 421.375
534.168 419.743
532.779 418.15
531.102 416.833
529.329 415.634
527.265 414.982
525.304 414.023
523.264 413.356
521.269 412.557
519.268 411.82
517.139 411.449
514.969 411.3
512.795 411.208
510.642 410.851
508.488 410.539
506.325 410.328
504.159 410.233
501.986 410.269
499.811 410.406
497.634 410.543
495.452 410.585
493.257 410.745
491.098 411.155
488.933 411.497
486.803 411.979
484.679 412.486
482.606 413.245
480.613 414.163
478.775 415.424
476.882 416.633
475.011 417.889
473.459 419.477
471.945 421.158
470.357 422.692
468.52 423.924
466.667 425.194
464.692 426.228
462.741 427.293
460.78 428.395
458.967 429.701
457.473 431.393
455.99 433.097
454.753 434.915
453.737 436.861
453.233 439.017
452.526 441.114
451.791 443.193
451.247 445.32
450.413 447.348
448.852 448.851
446.934 449.906
445.027 450.977
443.078 452.022
441.186 453.14
439.329 454.311
437.404 455.39
435.311 455.93
433.099 455.723
430.935 455.803
429.157 457.047
427.856 458.771
427.252 460.887
426.652 463.01
425.901 465.063
425.243 467.13
424.283 469.081
423.268 470.993
422.124 472.809
421.314 474.764
420.526 476.741
419.921 478.771
419.453 480.83
419.235 482.936
418.822 485.013
418.451 487.096
418.083 489.154
417.583 491.198
417.195 493.275
416.876 495.343
416.592 497.399
416.327 499.452
416.051 501.52
415.587 503.543
415.283 505.596
414.807 507.613
414.324 509.629
413.725 511.607
413.235 513.634
412.735 515.653
412.383 517.705
412.278 519.788
412.092 521.833
411.56 523.833
410.987 525.824
410.708 527.862
410.482 529.934
410.047 531.967
409.618 533.995
409.102 536.005
408.104 537.887
407.296 539.801
406.522 541.729
405.982 543.739
405.481 545.763
404.708 547.691
404.006 549.646
403.402 551.642
402.687 553.61
401.933 555.555
401.439 557.557
401.165 559.61
401.094 561.696
401.224 563.77
401.179 565.835
400.635 567.832
399.926 569.792
399.388 571.79
399.239 573.862
399.556 575.899
400.211 577.889
401.094 579.806
401.504 581.841
401.868 583.878
402.319 585.931
402.87 587.958
403.425 589.963
403.893 591.981
404.418 594.016
404.974 596.039
405.447 598.069
406.075 600.064
406.541 602.101
407.119 604.104
407.462 606.148
407.982 608.139
408.773 610.085
409.291 612.112
409.629 614.172
410.115 616.196
410.774 618.193
411.44 620.171
411.953 622.197
412.46 624.243
412.899 626.303
413.502 628.314
414.048 630.34
414.726 632.339
415.339 634.371
415.911 636.397
416.632 638.393
417.324 640.387
417.833 642.443
418.565 644.432
419.198 646.45
419.603 648.52
420.273 650.529
421.088 652.488
421.681 654.513
422.38 656.507
423.089 658.509
423.662 660.535
424.396 662.529
425.28 664.435
426.073 666.366
426.906 668.304
427.54 670.313
428.105 672.347
428.611 674.387
429.372 676.359
430.22 678.27
431.221 680.135
431.615 682.221
432.149 684.274
432.923 686.241
433.751 688.179
434.532 690.159
435.33 692.126
436.118 694.098
436.926 696.072
437.477 698.13
437.909 700.236
438.594 702.265
439.254 704.29
439.482 706.42
439.885 708.527
440.73 710.491
441.869 712.279
442.788 714.192
443.354 716.245
443.882 718.307
444.537 720.343
445.053 722.406
445.598 724.483
446.355 726.487
447.342 728.41
447.969 730.474
448.912 732.445
449.49 734.519
450.086 736.608
450.564 738.745
451.02 740.898
451.806 742.932
452.868 744.821
453.626 746.827
454.132 748.925
454.946 750.951
455.856 752.879
456.864 754.766
457.512 756.788
458.116 758.85
458.801 760.874
459.71 762.809
460.637 764.731
461.447 766.7
462.315 768.632
463.442 770.45
464.566 772.275
465.289 774.276
465.811 776.347
466.613 778.329
467.48 780.272
468.13 782.303
468.586 784.396
469.418 786.359
470.443 788.222
471.409 790.126
472.028 792.17
472.793 794.175
473.602 796.134
474.543 798.054
475.152 800.09
475.559 802.211
476.312 804.208
477.135 806.19
477.54 808.277
477.881 810.393
478.958 812.284
479.758 814.25
480.723 816.171
481.304 818.223
481.741 820.308
482.43 822.315
483.116 824.313
483.673 826.381
484.459 828.36
485.335 830.308
486.177 832.272
486.758 834.339
487.284 836.419
487.702 838.537
488.587 840.513
489.34 842.53
489.928 844.595
490.614 846.642
491.219 848.707
491.568 850.849
492.321 852.878
493.31 854.822
494.279 856.759
495.137 858.757
495.579 860.87
496.262 862.932
497.313 864.824
498.1 866.818
498.947 868.817
499.654 870.861
500.536 872.811
501.461 874.749
502.307 876.724
503.196 878.706
503.649 880.814
504.299 882.869
504.974 884.907
505.653 886.961
506.376 889.002
507.343 890.926
508.429 892.793
509.332 894.729
509.807 896.829
510.523 898.847
511.625 900.672
513.158 902.154
514.796 903.527
516.506 904.817
518.349 905.881
520.291 906.837
522.329 907.523
524.182 908.469
525.298 910.211
525.669 912.291
525.95 914.374
526.499 916.43
526.459 918.564
526.459 920.712
526.968 922.771
527.166 924.827
527.049 926.9
527.126 928.962
527.266 931.005
527.329 933.043
527.388 935.084
527.626 937.115
527.943 939.136
528.053 941.173
528.071 943.211
528.201 945.238
528.257 947.27
528.278 949.307
528.277 951.348
528.659 953.365
529.146 955.354
529.256 957.378
529.233 959.424
529.258 961.466
529.358 963.511
529.489 965.562
529.769 967.602
530.123 969.621
530.31 971.655
530.409 973.701
530.445 975.763
530.658 977.829
531.049 979.879
531.262 981.949
531.442 984.023
531.903 986.049
532.595 988.033
533.129 990.063
533.367 992.143
533.646 994.225
534.066 996.298
534.505 998.367
535.189 1000.36
535.744 1002.42
536.757 1004.24
538.271 1005.69
540.13 1006.63

76

657.608 447.372
656.521 445.624
655.957 443.602
655.657 441.538
655.558 439.445
655.402 437.361
655.215 435.298
654.925 433.261
654.618 431.235
654.217 429.229
653.861 427.213
653.55 425.205
653.125 423.251
653.089 421.276
653.568 419.36
654.278 417.513
654.974 415.657
655.519 413.797
656.162 411.962
656.607 410.082
657.02 408.169
657.492 406.258
657.86 404.324
658.344 402.387
658.61 400.409
658.675 398.417
658.419 396.448
657.769 394.556
656.947 392.748
655.579 391.222
654.389 389.564
653.28 387.892
652.196 386.192
651.023 384.548
649.66 383.017
649.039 381.115
648.927 379.119
649.542 377.263
651.198 376.209
653.143 376.582
654.794 377.702
656.172 379.182
657.64 380.587
659.14 381.978
660.264 383.714
661.139 385.587
661.856 387.537
662.796 389.409
663.372 391.394
663.758 393.424
663.998 395.467
663.862 397.537
663.596 399.588
663.278 401.636
662.747 403.666
662.386 405.721
661.922 407.747
661.57 409.797
661.419 411.87
661.432 413.958
661.413 416.032
661.316 418.105
661.14 420.173
661.019 422.247
661.159 424.329
661.043 426.413
660.725 428.499
660.521 430.604
660.431 432.722
660.4 434.832
660.388 436.932
660.357 439.036
660.282 441.147
660.386 443.277
660.447 445.4
659.6 447.24

