CONTOUR

1

1545

779.114 1019.42
781.411 1018.59
783.478 1017.24
785.354 1015.6
787.058 1013.8
788.763 1012.02
789.873 1009.78
791.442 1007.87
793.148 1006.08
794.693 1004.24
796.175 1002.36
797.395 1000.31
798.628 998.302
800.081 996.481
801.836 994.869
803.285 993.043
804.616 991.113
805.547 988.966
806.267 986.733
806.491 984.426
806.06 982.147
805.623 979.89
804.982 977.674
803.829 975.659
802.891 973.598
802.106 971.483
801.329 969.383
800.49 967.312
799.604 965.228
798.73 963.159
797.81 961.135
797.075 959.055
796.136 957.018
795.151 955.023
794.255 952.991
793.433 950.918
792.627 948.835
791.682 946.794
790.812 944.738
789.629 942.806
788.882 940.677
788.078 938.576
787.171 936.511
786.18 934.463
785.474 932.304
784.734 930.152
783.786 928.055
783.146 925.866
782.016 923.846
781.437 921.665
781.387 919.382
781.832 917.15
783.116 915.222
784.472 913.368
785.77 911.455
787.251 909.636
788.88 907.941
790.417 906.149
791.847 904.232
793.387 902.419
794.934 900.588
796.532 898.797
798.115 896.97
799.61 895.009
801.113 893.041
802.689 891.168
804.614 889.593
806.158 887.678
807.599 885.714
809.054 883.787
810.461 881.85
812.059 880.083
813.608 878.381
815.105 876.649
816.284 874.683
817.541 872.763
818.929 870.917
820.452 869.092
821.916 867.233
823.427 865.374
824.818 863.382
826.253 861.398
827.924 859.587
829.504 857.672
831.004 855.665
832.085 853.445
833.486 851.407
835.164 849.558
836.691 847.575
838.083 845.503
839.573 843.5
841.115 841.533
842.574 839.505
844.067 837.507
845.478 835.487
847.194 833.672
848.563 831.61
850.19 829.794
852.129 828.284
853.512 826.295
854.739 824.221
855.91 822.128
857.506 820.355
859.188 818.653
861.116 817.188
862.562 815.296
863.909 813.297
865.534 811.502
867.167 809.708
868.5 807.687
869.766 805.634
871.238 803.717
872.644 801.768
873.993 799.763
875.816 798.165
877.364 796.35
879.024 794.64
880.601 792.92
882.209 791.195
883.633 789.271
885.007 787.308
886.506 785.443
887.913 783.498
889.687 781.825
891.193 779.95
892.44 777.871
893.767 775.879
895.298 774.04
896.979 772.366
898.319 770.47
899.545 768.491
900.891 766.592
901.983 764.542
903.437 762.735
905.074 761.095
906.615 759.366
908.055 757.512
909.714 755.924
911.865 755.286
913.719 756.544
914.84 758.608
916.082 760.583
917.37 762.549
918.659 764.499
920.036 766.395
921.361 768.319
922.729 770.245
924.354 771.95
926.032 773.618
927.655 775.401
929.429 777.041
931.535 778.134
933.717 779.121
935.804 780.297
937.81 781.66
939.771 783.102
941.811 784.399
943.775 785.825
945.83 787.18
948.003 788.302
950.275 789.183
952.646 789.806
955.091 789.904
957.305 789.059
959.089 787.384
960.827 785.685
962.377 783.783
964.092 782.106
965.622 780.287
967.023 778.351
968.761 776.743
970.509 775.157
972.243 773.515
973.632 771.567
975.023 769.654
976.356 767.698
977.737 765.802
979.119 763.944
980.402 762.014
981.227 759.884
981.181 757.607
980.726 755.36
980.045 753.177
979.161 751.066
978.492 748.9
977.725 746.759
977.152 744.573
976.506 742.427
975.655 740.325
974.81 738.246
973.833 736.22
973.171 734.108
972.326 732.062
971.531 730.004
970.84 727.89
970.163 725.805
969.544 723.718
968.949 721.63
968.144 719.61
967.444 717.558
966.774 715.48
965.942 713.461
965.35 711.392
964.541 709.379
963.64 707.409
962.713 705.45
961.892 703.432
961.463 701.297
960.981 699.184
960.084 697.172
959.608 695.07
959.734 692.915
960.636 690.91
961.766 689.026
963.088 687.233
964.461 685.423
965.787 683.609
967.202 681.851
968.362 679.905
969.69 678.109
970.853 676.216
972.082 674.345
973.316 672.497
974.567 670.662
975.821 668.79
977.206 666.986
978.27 664.99
979.422 663.007
980.612 661.011
981.887 659.097
983.354 657.297
984.635 655.371
985.811 653.371
987.076 651.437
988.351 649.513
989.407 647.452
990.316 645.312
991.472 643.292
992.72 641.348
993.797 639.326
994.794 637.241
996 635.286
997.171 633.32
998.118 631.238
999.324 629.261
1000.48 627.277
1001.54 625.254
1002.71 623.268
1003.94 621.306
1005.01 619.292
1005.98 617.235
1007.38 615.366
1008.41 613.295
1009.46 611.251
1010.68 609.293
1011.89 607.314
1013.11 605.333
1014.13 603.294
1015.45 601.409
1016.72 599.489
1017.69 597.408
1018.71 595.373
1019.94 593.445
1021.1 591.48
1022.04 589.428
1023.09 587.393
1023.82 585.241
1025 583.271
1025.62 581.087
1026.43 579.011
1027.57 577.08
1028.75 575.149
1029.83 573.168
1031.02 571.233
1031.87 569.154
1033.17 567.286
1033.97 565.173
1034.77 563.081
1035.66 561.033
1036.6 559.005
1037.59 556.981
1038.55 554.946
1039.59 552.976
1040.67 551.02
1041.6 548.969
1042.58 546.98
1043.72 545.062
1044.74 543.089
1045.75 541.092
1046.79 539.113
1047.57 537.016
1048.61 535.064
1049.49 533.023
1050.4 531.028
1051.42 529.09
1052.44 527.144
1053.22 525.08
1053.87 522.967
1054.8 520.974
1055.85 519.076
1056.9 517.139
1057.65 515.076
1058.47 513.036
1059.45 511.054
1060.38 509.058
1061.3 507.071
1062.23 505.091
1063.36 503.181
1063.91 501.01
1065 499.045
1065.83 496.997
1066.83 495.018
1067.71 492.989
1068.59 490.971
1069.35 488.917
1070.24 486.9
1071.35 484.995
1072.02 482.896
1073.09 480.963
1073.91 478.939
1074.78 476.911
1075.73 474.941
1076.7 472.979
1077.6 470.987
1078.48 468.979
1079.41 466.975
1080.33 464.995
1081.32 463.041
1081.95 460.94
1082.78 458.916
1083.63 456.926
1084.51 454.951
1085.23 452.895
1085.86 450.807
1086.74 448.823
1087.62 446.859
1088.47 444.85
1089.3 442.833
1089.94 440.759
1090.92 438.81
1091.79 436.827
1092.59 434.818
1093.19 432.752
1093.74 430.668
1094.49 428.648
1095.3 426.643
1095.81 424.537
1096.79 422.612
1097.52 420.602
1098.27 418.598
1098.78 416.548
1099.49 414.558
1100.24 412.577
1100.96 410.571
1101.54 408.528
1102.21 406.526
1102.83 404.503
1103.55 402.52
1104.24 400.504
1104.92 398.501
1105.48 396.475
1106.03 394.449
1106.54 392.414
1107.26 390.443
1107.9 388.455
1108.48 386.436
1108.86 384.364
1109.27 382.305
1109.66 380.236
1110.14 378.184
1110.5 376.123
1110.93 374.061
1111.48 372.032
1111.89 369.976
1112.33 367.909
1112.54 365.836
1112.52 363.749
1112.37 361.664
1112 359.605
1111.63 357.528
1111.34 355.415
1110.72 353.398
1110 351.392
1109.5 349.32
1109.05 347.245
1108.54 345.179
1108.15 343.074
1107.51 341.022
1106.64 339.038
1105.96 336.995
1105.37 334.906
1104.36 332.968
1103.47 330.968
1102.42 329.047
1101.4 327.123
1100.4 325.158
1099.39 323.189
1098.39 321.22
1097.55 319.167
1096.87 317.063
1095.87 315.038
1095.16 312.91
1093.87 311.033
1092.91 308.979
1091.75 307.027
1090.57 305.079
1089.58 303.023
1088.8 300.844
1087.61 298.848
1086.38 296.904
1085.26 294.894
1084.24 292.784
1083.17 290.699
1081.94 288.698
1080.6 286.76
1079.23 284.813
1077.69 282.986
1076.13 281.186
1074.63 279.312
1073.36 277.254
1071.9 275.363
1070.38 273.513
1068.78 271.745
1066.94 270.23
1065.15 268.718
1063.3 267.242
1061.6 265.597
1059.74 264.168
1057.89 262.731
1056 261.343
1054.31 259.824
1052.5 258.458
1050.62 257.198
1048.73 255.945
1046.66 255.054
1044.67 253.945
1042.49 253.441
1040.26 253.074
1038.09 252.571
1035.89 252.202
1033.71 251.78
1031.5 251.501
1029.28 251.308
1027.07 251.09
1024.86 250.9
1022.64 250.907
1020.43 251.157
1018.23 251.453
1016.02 251.769
1013.87 252.314
1011.73 252.903
1009.59 253.54
1007.42 254.079
1005.33 254.96
1003.23 255.76
1001.2 256.801
999.064 257.496
996.925 258.27
994.871 259.255
992.835 260.303
990.808 261.421
988.79 262.57
986.824 263.857
985.026 265.375
983.089 266.769
981.181 268.257
979.24 269.705
977.372 271.238
975.611 272.926
973.805 274.515
972.018 276.089
970.149 277.577
968.594 279.379
967.075 281.21
965.205 282.723
963.651 284.536
962.101 286.315
960.583 288.11
959.111 289.981
957.623 291.824
956.199 293.693
954.89 295.656
953.716 297.704
952.623 299.744
951.257 301.61
949.849 303.462
948.933 305.58
948.007 307.661
947.044 309.717
946.179 311.8
945.469 313.939
944.7 316.051
943.945 318.153
943.341 320.277
942.849 322.425
942.311 324.554
941.755 326.653
941.208 328.76
940.76 330.864
940.267 332.95
939.767 335.033
939.438 337.137
939.17 339.232
938.86 341.309
938.529 343.381
938.159 345.439
937.824 347.496
937.586 349.558
937.384 351.612
937.159 353.648
936.683 355.653
935.913 357.598
935.67 359.627
935.504 361.671
935.248 363.692
934.741 365.673
934.191 367.655
933.664 369.625
933.253 371.612
932.771 373.568
932.331 375.531
931.702 377.472
931.138 379.437
930.628 381.411
930.167 383.388
929.614 385.324
929.226 387.315
928.684 389.264
928.022 391.17
927.551 393.115
927.171 395.092
926.416 396.982
925.789 398.941
924.8 400.702
922.841 400.944
921.638 399.4
921.275 397.392
921.163 395.36
920.86 393.364
920.291 391.407
919.774 389.416
919.505 387.381
919.246 385.322
918.862 383.285
918.324 381.24
917.917 379.173
917.71 377.092
917.517 375.005
917.345 372.871
917.019 370.757
916.561 368.654
915.911 366.6
915.245 364.535
914.307 362.562
913.172 360.715
911.611 359.126
910.02 357.562
908.507 355.945
906.958 354.391
905.24 353.053
903.457 351.733
901.474 350.735
899.502 349.741
897.481 348.867
895.428 348.008
893.315 347.305
891.19 346.633
889.025 346.076
886.885 345.365
884.817 344.47
882.708 343.659
880.462 343.378
878.279 342.921
876.128 342.197
873.901 341.732
871.763 341.031
869.846 339.826
867.935 338.671
865.888 337.816
863.784 337.107
861.848 335.984
859.857 334.994
858.371 333.234
856.576 331.887
854.795 330.534
852.925 329.255
851.179 327.81
849.359 326.494
847.4 325.409
845.382 324.403
843.299 323.581
841.109 323.115
838.918 322.54
836.85 321.631
834.822 320.658
832.763 319.704
830.538 319.295
828.378 318.515
826.178 317.886
824.006 317.271
822.438 315.726
821.163 313.854
819.511 312.384
817.581 311.28
815.718 310.015
813.652 309.192
811.549 308.534
809.403 307.955
807.32 307.221
805.396 306.075
803.443 305.04
801.51 303.925
799.37 303.303
797.393 302.243
795.4 301.242
793.306 300.561
791.156 300.047
789.187 299.041
787.408 297.644
785.517 296.442
783.504 295.464
781.566 294.322
779.77 292.997
777.95 291.711
775.936 290.74
773.866 289.942
771.806 289.116
769.877 287.955
767.725 287.514
765.542 287.207
763.411 286.598
761.433 285.583
759.548 284.392
757.612 283.352
755.535 282.659
753.389 282.186
751.227 281.778
749.047 281.519
746.884 281.59
744.773 282.142
742.694 282.819
740.754 283.853
738.956 285.113
737.272 286.527
735.47 287.821
733.941 289.453
732.134 290.637
730.034 291.03
727.904 290.494
725.9 289.582
723.781 289.061
721.693 288.378
719.631 287.647
717.474 287.287
715.419 286.518
713.386 285.74
711.325 285.048
709.292 284.203
707.184 283.582
705.016 283.376
702.839 283.386
700.674 283.641
698.554 284.201
696.434 284.795
694.306 285.373
692.111 285.493
689.911 285.542
687.729 285.768
685.684 286.537
683.821 287.716
682.009 289.012
679.883 289.61
677.79 290.278
675.781 291.15
673.842 292.183
671.895 293.234
670.039 294.367
668.178 295.504
666.246 296.542
664.408 297.738
662.787 299.233
660.885 300.364
658.765 301.056
656.56 301.332
654.332 301.462
652.097 301.493
649.858 301.607
647.641 301.971
645.578 302.953
643.402 303.545
641.311 304.373
639.281 305.332
637.165 306.142
635.377 307.476
634.066 309.273
633.389 311.385
633.283 313.587
633.942 315.639
635.751 316.864
637.882 317.388
640.092 317.498
642.3 317.449
644.511 317.23
646.694 316.816
648.824 316.236
650.98 315.861
653.164 315.777
655.339 315.975
657.474 316.436
659.5 317.218
661.142 318.646
662.235 320.503
662.829 322.612
663.65 324.613
664.853 326.457
665.089 328.525
663.828 330.277
662.055 331.507
660.142 332.478
658.151 333.285
656.166 334.067
654.426 335.352
652.573 336.474
650.776 337.647
649.164 339.092
647.462 340.455
645.978 342.014
644.731 343.778
643.597 345.662
642.587 347.602
641.736 349.599
641.066 351.653
640.074 353.607
639.364 355.666
638.264 357.555
637.087 359.388
635.778 361.121
634.803 363.018
634.297 365.073
634.071 367.177
633.827 369.277
633.6 371.377
633.36 373.471
632.865 375.514
632.516 377.577
632.419 379.664
632.362 381.744
632.366 383.818
632.31 385.884
632.088 387.941
631.686 389.967
631.437 392
631.066 394.015
629.822 395.657
628.095 396.777
626.07 396.859
624.086 396.253
622.206 395.359
620.243 394.749
618.207 394.457
616.149 394.347
614.08 394.254
612.005 394.239
609.925 394.242
607.84 394.238
605.753 394.193
603.667 394.166
601.577 394.304
599.545 394.82
597.665 395.789
595.917 396.972
594.267 398.334
592.577 399.69
590.732 400.798
588.635 401.021
586.625 400.202
584.724 399.139
582.948 397.808
580.863 397.063
578.927 396.02
577.162 394.683
575.317 393.437
573.462 392.195
571.445 391.242
569.547 390.013
567.558 388.992
565.61 387.848
563.681 386.725
561.707 385.701
559.699 384.714
557.711 383.671
555.57 383.019
553.632 381.828
551.626 380.837
549.646 379.766
547.653 378.798
545.665 377.808
543.675 376.771
541.776 375.582
539.857 374.48
537.909 373.409
535.912 372.409
534.057 371.256
532.129 370.277
530.158 369.409
528.234 368.393
526.268 367.587
524.174 367.192
522.129 366.634
520.062 366.138
518.018 365.629
515.934 365.478
513.854 365.451
511.778 365.462
509.704 365.469
507.633 365.486
505.561 365.505
503.494 365.565
501.437 365.685
499.377 365.805
497.308 365.811
495.243 365.683
493.179 365.553
491.122 365.483
489.069 365.492
487.013 365.503
484.962 365.504
482.912 365.503
480.863 365.516
478.817 365.576
476.774 365.591
474.733 365.649
472.696 365.846
470.697 366.336
468.679 366.761
466.667 367.206
464.631 367.439
462.589 367.623
460.53 367.861
458.571 368.579
456.611 369.224
454.589 369.664
452.545 370.052
450.521 370.515
448.499 371.026
446.465 371.476
444.417 371.865
442.382 372.382
440.344 372.884
438.305 373.43
436.228 373.79
434.172 374.252
432.24 375.159
430.213 375.667
428.119 376.001
426.058 376.437
424.043 377.05
422.003 377.693
419.937 378.21
417.881 378.795
415.855 379.498
413.847 380.211
411.811 380.836
409.813 381.617
407.818 382.424
405.932 383.438
404.15 384.61
402.262 385.555
400.357 386.522
398.421 387.417
396.475 388.287
394.531 389.156
392.553 389.93
390.774 391.206
388.72 391.793
386.628 392.305
384.533 392.78
382.536 393.567
380.602 394.491
378.785 395.618
376.996 396.795
375.074 397.744
373.186 398.827
371.136 399.493
369.108 400.172
367.165 401.123
365.073 401.617
363.027 402.24
360.992 402.923
358.944 403.614
356.896 404.348
354.83 404.989
352.73 405.472
350.681 406.169
348.585 406.722
346.492 407.241
344.359 407.622
342.377 408.51
340.351 409.248
338.291 409.887
336.305 410.822
334.286 411.663
332.305 412.567
330.257 413.261
328.113 413.631
325.935 413.706
323.89 413.036
322.071 411.694
320.015 410.991
317.819 411.05
315.639 411.416
313.555 412.204
311.572 413.24
309.726 414.469
308.119 416.034
306.394 417.472
304.611 418.873
302.582 419.819
300.441 419.417
298.913 417.762
297.805 415.767
296.831 413.673
295.506 411.753
294.211 409.814
293.184 407.698
292.037 405.66
290.702 403.728
289.593 401.67
288.556 399.524
287.28 397.533
285.604 395.839
283.92 394.137
282.532 392.2
281.07 390.359
279.445 388.629
277.728 386.955
275.947 385.359
274.342 383.57
272.801 381.748
271.142 380.061
269.259 378.523
267.334 377.082
265.407 375.606
263.246 374.509
261.039 373.544
258.762 372.768
256.411 372.361
254.022 372.232
251.627 372.202
249.247 372.328
246.91 372.674
244.611 373.246
242.333 373.874
240.231 374.913
238.206 376.048
236.192 377.176
234.209 378.357
232.494 379.891
230.941 381.581
229.527 383.403
228.267 385.321
226.992 387.208
225.894 389.183
225.06 391.273
224.171 393.338
223.623 395.504
223.346 397.779
221.865 399.335
219.71 399.304
218.18 397.664
216.972 395.777
215.623 393.984
214.094 392.353
212.504 390.8
210.794 389.345
208.868 388.222
206.747 387.512
204.509 387.285
202.25 387.303
199.994 387.492
197.76 387.922
195.572 388.545
193.354 389.039
191.123 389.499
189.04 390.31
187.478 391.91
186.666 393.998
186.507 396.253
186.78 398.517
187.336 400.748
188.038 402.942
188.768 405.122
189.432 407.309
190.176 409.475
191.295 411.506
192.179 413.64
193.176 415.737
193.766 417.992
194.633 420.129
195.653 422.196
196.777 424.224
197.595 426.433
198.606 428.568
199.778 430.609
201.209 432.511
202.33 434.596
203.573 436.611
204.842 438.623
206.192 440.553
207.737 442.357
209.257 444.195
210.755 446.049
212.386 447.829
213.71 449.899
215.253 451.793
216.75 453.696
218.128 455.675
219.6 457.629
221.395 459.306
223.061 461.078
224.46 463.069
226.195 464.731
227.832 466.455
229.303 468.363
231.1 469.949
232.854 471.547
234.47 473.265
236.277 474.733
238.096 476.204
239.946 477.655
241.909 479.007
244.133 479.89
246.085 481.277
248.033 482.667
250.087 483.97
252.032 485.381
253.696 487.129
255.232 488.965
255.27 491.25
254.049 493.316
252.803 495.336
252.063 497.568
252.204 499.877
253.072 502.08
254.088 504.204
255.45 506.173
256.853 508.125
258.091 510.164
259.42 512.177
260.652 514.271
262.076 516.234
263.767 518.031
265.311 519.994
266.983 521.858
268.445 523.884
269.872 525.945
270.662 526.927
271.453 527.909
273.088 529.837
274.321 532.056
276.07 533.857
277.748 535.726
279.668 537.382
281.891 538.567
284.267 539.413
286.757 539.563
289.161 538.88
291.235 537.504
292.933 535.615
294.777 533.944
296.6 532.3
298.039 530.353
299.055 528.129
300.486 526.216
302.105 524.491
303.651 522.693
305.41 521.09
307.218 519.53
308.996 517.928
311.229 517.535
313.409 518.201
315.388 519.431
317.37 520.593
319.441 521.597
321.517 522.558
323.585 523.485
325.703 524.221
327.917 524.649
330.166 524.759
332.405 524.632
334.626 524.297
336.832 523.926
339.025 524.217
341.174 524.738
343.268 525.466
345.062 526.686
346.595 528.211
348.121 529.793
349.916 531.006
351.791 532.138
353.809 533.005
355.891 533.731
357.921 534.549
359.858 535.582
361.874 536.499
363.932 537.293
366.069 537.834
368.06 538.756
369.954 539.875
371.713 541.232
373.637 542.276
375.582 543.324
377.725 543.78
379.905 544.13
381.986 544.803
384.016 545.64
386.108 546.313
388.223 546.963
390.35 547.544
392.481 548.065
394.579 548.661
396.65 549.294
398.753 549.794
400.773 550.615
402.833 551.288
404.987 551.491
407.136 551.702
409.013 552.782
410.798 553.959
412.55 555.185
414.3 556.405
416.146 557.472
418.089 558.38
420.016 559.332
422.127 559.742
424.266 559.991
426.429 559.913
428.572 559.721
430.704 559.558
432.801 559.179
434.899 558.725
437 558.924
438.925 559.945
440.735 561.072
442.684 561.812
444.684 562.486
446.762 562.898
448.769 563.569
450.621 564.662
452.48 565.749
454.16 567.077
455.769 568.504
457.179 570.136
457.431 572.243
456.342 574.098
454.403 575.129
452.283 575.863
450.428 577.147
448.627 578.502
447.013 580.102
445.342 581.671
443.491 583.044
441.236 583.467
439.025 584.019
436.885 585.003
434.68 585.77
432.625 586.928
430.613 588.155
428.622 589.477
426.674 590.847
424.926 592.479
423.129 594.089
421.236 595.696
419.61 597.554
418.033 599.494
416.477 601.417
414.804 603.253
413.349 605.267
411.928 607.355
410.444 609.376
409.106 611.454
407.513 613.362
405.901 615.264
404.431 617.219
402.932 619.143
401.644 621.245
399.951 622.971
397.989 624.38
396.442 626.137
395.117 628.111
393.577 629.869
391.813 631.444
390.162 633.102
388.505 634.723
386.935 636.459
385.199 638.003
383.465 639.58
381.853 641.312
380.027 642.758
378.117 644.13
376.412 645.709
374.911 647.552
373.175 649.25
371.415 650.876
369.62 652.467
367.683 653.922
365.956 655.625
364.43 657.505
362.928 659.392
361.434 661.309
359.727 663.065
357.983 664.741
356.307 666.427
354.797 668.298
353.146 670.025
351.261 671.567
349.434 673.203
347.504 674.667
345.572 676.135
343.617 677.585
341.929 679.357
340.357 681.192
338.486 682.716
336.762 684.367
335.045 686.07
333.208 687.758
331.555 689.65
329.82 691.466
327.91 693.136
326.33 695.059
324.485 696.656
322.731 698.355
321.376 700.345
320.275 702.51
319.749 704.845
319.93 707.228
320.607 709.538
321.448 711.792
322.5 713.978
323.863 715.975
325.448 717.78
327.25 719.426
329.334 720.665
331.412 721.867
333.547 722.929
335.661 724.078
337.731 725.245
339.902 726.201
342.014 727.312
344.079 728.46
346.321 729.266
348.654 729.61
350.999 729.601
353.213 728.996
355.065 727.574
356.674 725.881
357.88 723.897
359.092 721.917
359.838 719.724
360.895 717.673
361.364 715.48
361.552 713.238
361.873 711.003
362.719 708.931
363.588 706.9
364.403 704.859
365.469 702.931
366.757 701.116
367.85 699.178
369.194 697.425
370.618 695.77
372.078 694.167
373.524 692.612
375.148 691.25
377.037 690.332
379.005 689.649
381.023 689.181
383.04 688.833
385.079 688.7
387.12 688.685
389.157 688.665
391.189 688.61
393.242 688.57
395.161 689.204
396.446 690.721
396.688 692.704
396.404 694.708
395.79 696.648
395.352 698.636
395.115 700.664
394.962 702.704
394.584 704.715
394.152 706.716
393.707 708.709
393.138 710.672
391.868 712.318
390.723 714.038
389.883 715.939
389.548 717.99
389.042 720.008
388.523 722.05
388.056 724.118
387.631 726.195
387.126 728.266
386.565 730.343
386.073 732.441
385.671 734.573
385.247 736.705
384.716 738.824
383.897 740.892
383.538 743.09
383.089 745.247
382.603 747.409
382.328 749.611
382.378 751.829
382.779 754.026
383.503 756.157
384.514 758.195
385.457 760.271
386.391 762.354
387.567 764.33
389.028 766.107
390.523 767.879
391.853 769.831
393.601 771.451
395.293 773.113
396.855 774.918
398.383 776.669
399.981 778.347
401.928 779.729
403.782 781.222
405.878 782.239
407.991 783.216
410.226 783.934
412.158 785.253
414.052 786.598
416.008 787.869
417.878 789.282
419.652 790.783
421.411 792.289
422.993 793.928
423.816 796.1
425.014 798.067
425.833 800.178
426.297 802.41
426.601 804.668
426.834 806.914
427.133 809.152
427.581 811.366
428.048 813.574
428.234 815.811
428.105 818.069
428.188 820.328
428.7 822.501
429.528 824.564
430.496 826.565
431.575 828.529
432.913 830.306
434.464 831.869
436.09 833.419
437.907 834.672
439.856 835.752
441.982 836.533
444.13 837.242
446.334 837.737
448.5 838.399
450.732 838.636
452.976 838.659
455.201 838.393
457.359 837.719
459.553 837.234
461.65 836.45
463.577 835.28
465.331 833.851
466.619 831.988
468.013 830.259
469.132 828.372
469.919 826.329
470.64 824.266
471.747 822.388
473.636 821.359
475.794 821.364
477.881 821.961
479.762 823.236
481.929 823.83
483.812 825.024
485.652 826.246
487.426 827.621
489.371 828.669
491.479 829.296
493.565 829.946
495.376 831.308
497.388 832.238
499.407 833.15
501.544 833.765
503.534 834.748
505.482 835.821
507.459 836.801
509.511 837.596
511.493 838.632
513.503 839.555
515.533 840.429
517.598 841.21
519.66 841.94
521.601 843.031
523.484 844.197
525.455 845.173
527.503 845.973
529.423 847.122
531.417 848.105
533.35 849.241
535.406 850.11
537.329 851.243
539.234 852.409
541.262 853.301
543.361 854.049
545.304 855.202
547.406 855.977
549.308 857.204
551.39 858.028
553.378 859.077
555.348 860.095
557.299 861.162
559.25 862.278
561.224 863.338
563.358 863.984
565.188 865.335
567.162 866.424
569.156 867.437
571.189 868.34
573.272 869.104
575.384 869.847
577.282 871.076
579.377 871.797
581.36 872.817
583.407 873.617
585.422 874.524
587.384 875.515
589.351 876.49
591.367 877.371
593.425 878.136
595.407 879.146
597.513 879.832
599.442 880.942
601.526 881.584
603.577 882.313
605.569 883.231
607.577 884.117
609.556 885.131
611.578 885.958
613.486 887.094
615.539 887.868
617.543 888.765
619.596 889.525
621.597 890.429
623.545 891.499
625.506 892.532
627.576 893.28
629.666 893.942
631.512 895.241
633.489 896.265
635.498 897.228
637.648 897.844
639.678 898.808
641.656 899.853
643.527 901.125
645.594 901.996
647.51 903.206
649.465 904.331
651.292 905.671
653.31 906.644
655.409 907.504
657.413 908.573
659.387 909.657
661.388 910.692
663.415 911.68
665.421 912.673
667.474 913.55
669.446 914.622
671.383 915.809
673.295 917.04
675.335 917.959
677.28 919.115
679.41 919.896
681.284 921.223
683.365 922.008
685.485 922.753
687.555 923.653
689.581 924.677
691.607 925.638
693.626 926.601
695.603 927.691
697.591 928.763
699.686 929.57
701.779 930.405
703.848 931.354
705.728 932.668
707.504 934.091
709.097 935.721
710.042 937.867
711.368 939.775
712.771 941.616
713.993 943.568
715.255 945.519
716.532 947.451
717.605 949.493
718.835 951.491
719.751 953.615
720.767 955.71
721.409 957.935
722.514 959.943
723.747 961.927
724.977 963.918
726.313 965.817
727.704 967.726
729.158 969.63
730.346 971.652
731.615 973.633
732.91 975.609
734.053 977.659
735.332 979.67
736.479 981.742
737.513 983.863
738.525 986.016
739.816 988.006
741.17 989.944
742.591 991.858
743.844 993.937
745.373 995.811
746.999 997.6
748.472 999.531
749.914 1001.48
751.788 1003.02
753.88 1004.33
755.891 1005.72
757.715 1007.41
759.884 1008.56
762.143 1009.57
764.186 1010.94
765.951 1012.72
768.045 1014.06
770.13 1015.49
772.188 1016.96
774.446 1018.03
776.694 1019.15

