CONTOUR

1

1565

567.449 957.336
569.673 957.429
571.913 957.3
574.151 957.084
576.384 956.809
578.538 956.168
580.593 955.258
582.602 954.222
584.522 953.115
586.218 951.66
587.806 950.077
589.307 948.42
590.382 946.47
591.528 944.551
592.634 942.627
593.31 940.535
593.684 938.349
594.439 936.273
595.515 934.352
596.424 932.354
597.285 930.355
598.357 928.48
599.582 926.696
600.6 924.77
601.707 922.927
603.425 921.706
605.425 921.11
607.504 920.797
609.602 920.535
611.666 920.099
613.732 919.728
615.81 919.43
617.891 919.09
619.877 918.35
621.898 917.839
623.943 917.531
626.009 917.297
628.051 916.94
630.092 916.515
632.149 916.102
634.201 915.695
636.243 915.255
638.272 914.794
640.299 914.33
642.329 913.911
644.37 913.632
646.376 913.229
648.282 912.37
650.221 911.64
652.244 911.306
654.269 910.855
656.257 910.299
658.246 909.702
660.249 909.209
662.233 908.734
664.243 908.358
666.248 907.898
668.254 907.406
670.238 906.849
672.177 906.135
674.181 905.642
676.219 905.352
678.155 904.727
679.996 903.779
682.065 903.5
684.109 903.209
686.094 902.591
688.058 901.89
690.08 901.412
692.07 900.84
694.06 900.26
696.077 899.782
698.116 899.451
700.131 898.954
702.141 898.421
704.127 897.787
706.161 897.456
708.193 897.16
710.167 896.56
712.119 895.87
714.175 895.613
716.227 895.421
718.263 895.056
720.198 894.284
722.148 893.591
724.189 893.294
726.216 892.918
728.214 892.395
730.245 891.975
732.279 891.539
734.293 891.031
736.233 890.25
738.239 889.674
740.294 889.379
742.345 889.077
744.316 888.393
746.266 887.652
748.301 887.319
750.337 886.859
752.348 886.356
754.348 885.82
756.387 885.416
758.386 884.879
760.372 884.288
762.386 883.736
764.4 883.168
766.39 882.568
768.358 881.869
770.416 881.491
772.45 881.044
774.347 880.096
776.348 879.575
778.421 879.301
780.428 878.777
782.31 877.857
784.3 877.268
786.285 876.659
788.258 875.957
790.24 875.295
792.236 874.692
794.255 874.289
796.238 873.714
798.244 873.184
800.229 872.553
802.187 871.862
804.206 871.427
806.183 870.814
808.092 869.996
810.107 869.553
812.149 869.309
814.166 868.932
816.12 868.292
818.07 867.596
820.052 866.99
822.059 866.517
824.017 865.841
826.066 865.496
828.1 865.19
830.089 864.635
832.031 863.891
834.091 863.633
836.156 863.362
838.19 862.884
840.22 862.43
842.266 862.051
844.316 861.628
846.374 861.253
848.421 860.842
850.487 860.429
852.532 859.925
854.597 859.508
856.656 858.997
858.697 858.396
860.734 857.862
862.82 857.516
864.871 856.991
866.952 856.589
869.067 856.408
871.186 856.659
873.18 857.385
875.036 858.442
876.698 859.764
878.19 861.31
879.794 862.762
881.67 863.929
883.103 865.648
884.771 867.103
886.587 868.399
888.336 869.767
890.056 871.202
891.996 872.308
893.873 873.523
895.717 874.826
897.509 876.244
899.372 877.521
901.392 878.521
903.439 879.489
905.405 880.611
907.338 881.756
909.343 882.725
911.389 883.647
913.51 884.344
915.698 884.683
917.904 884.768
920.117 884.759
922.307 884.537
924.481 884.179
926.65 883.858
928.833 883.606
931.01 883.295
933.17 882.916
935.336 882.666
937.519 882.543
939.695 882.481
941.861 882.332
943.987 881.868
946.081 881.306
948.066 880.462
949.668 879.08
950.45 877.11
950.637 874.958
950.538 872.792
950.361 870.629
950 868.496
949.543 866.371
949.133 864.243
948.66 862.128
948.17 860.016
947.66 857.909
947.229 855.798
946.635 853.703
946.072 851.613
945.67 849.5
945.22 847.393
944.754 845.295
944.508 843.148
943.935 841.064
943.157 839.066
942.037 837.168
940.908 835.312
939.585 833.536
939 831.49
939.566 829.439
940.907 827.679
942.113 825.868
943.234 823.96
944.332 822.085
945.526 820.277
946.539 818.373
947.417 816.388
948.581 814.549
949.627 812.654
950.596 810.716
951.594 808.787
952.597 806.861
953.436 804.836
954.339 802.848
955.209 800.863
956.291 798.96
957.354 797.015
958.129 794.958
959.289 793.06
960.208 791.046
961.269 789.054
962.106 787.002
962.749 784.893
963.626 782.858
964.809 780.942
965.702 778.905
966.726 776.961
967.82 775.074
968.731 773.035
969.546 770.969
970.432 768.945
971.407 766.946
972.358 764.938
973.217 762.911
973.916 760.821
975.082 758.905
975.858 756.809
977.097 754.939
977.97 752.907
979.042 750.951
980.062 748.986
981.011 747.003
981.654 744.92
982.534 742.9
983.457 740.908
984.273 738.869
985.331 736.936
986.211 734.93
987.086 732.892
988.017 730.915
988.897 728.924
989.646 726.88
990.495 724.879
991.496 722.943
992.613 721.071
993.489 719.094
994.064 716.991
994.754 714.937
995.623 712.956
996.522 710.984
997.238 708.914
997.984 706.874
998.947 704.914
999.532 702.845
999.969 700.714
1000.88 698.722
1001.41 696.632
1002.06 694.581
1002.94 692.616
1003.87 690.688
1004.76 688.735
1005.42 686.688
1005.89 684.59
1006.73 682.591
1007.37 680.534
1007.83 678.441
1008.83 676.505
1009.48 674.468
1009.98 672.385
1010.73 670.368
1011.54 668.387
1012.45 666.457
1013.3 664.511
1013.98 662.488
1015.09 660.629
1015.57 658.549
1016.1 656.466
1017.17 654.589
1017.78 652.556
1018.53 650.568
1019.3 648.585
1019.95 646.562
1020.64 644.552
1021.32 642.536
1021.84 640.472
1022.9 638.604
1023.52 636.569
1023.94 634.486
1024.74 632.533
1025.6 630.584
1026.27 628.569
1027.02 626.583
1027.86 624.64
1028.83 622.746
1029.43 620.714
1029.82 618.621
1030.65 616.669
1031.6 614.795
1032.52 612.864
1033.24 610.847
1033.84 608.806
1034.73 606.865
1035.32 604.827
1035.76 602.748
1036.21 600.679
1036.76 598.643
1037.39 596.627
1037.93 594.574
1038.64 592.592
1039.39 590.638
1039.68 588.551
1039.99 586.475
1040.7 584.501
1041.42 582.52
1041.83 580.458
1042.3 578.42
1042.82 576.384
1043.37 574.364
1043.62 572.3
1043.65 570.224
1043.53 568.153
1043.39 566.084
1043.3 564.011
1043.07 561.955
1042.82 559.917
1042.65 557.853
1042.41 555.801
1042.06 553.768
1041.69 551.738
1041.4 549.71
1041.13 547.668
1040.44 545.706
1039.76 543.735
1039.44 541.693
1039.13 539.659
1038.54 537.681
1038.01 535.684
1037.53 533.692
1037.13 531.686
1036.59 529.707
1036.11 527.711
1035.74 525.696
1035.3 523.685
1034.69 521.712
1034.07 519.745
1033.59 517.747
1033.32 515.724
1032.89 513.732
1032.08 511.824
1031.73 509.826
1031.6 507.817
1031.55 505.813
1031.49 503.795
1031.36 501.775
1030.91 499.802
1030.09 497.914
1029.71 495.939
1029.52 493.945
1029.41 491.932
1029.24 489.915
1029.02 487.907
1028.77 485.902
1028.52 483.892
1028.26 481.883
1027.98 479.889
1027.74 477.889
1027.66 475.873
1027.59 473.855
1027.49 471.835
1027.37 469.82
1027.28 467.802
1027.01 465.804
1026.74 463.82
1026.55 461.823
1026.49 459.816
1026.45 457.806
1026.25 455.808
1025.81 453.854
1025.69 451.859
1025.67 449.855
1025.61 447.859
1025.51 445.85
1025.49 443.835
1025.48 441.819
1025.35 439.809
1025.02 437.818
1024.8 435.81
1024.62 433.798
1024.54 431.78
1024.54 429.787
1024.53 427.785
1024.4 425.783
1024.07 423.807
1023.71 421.817
1023.6 419.81
1023.56 417.807
1023.53 415.799
1023.48 413.785
1023.46 411.776
1023.39 409.768
1023.2 407.755
1022.9 405.774
1022.62 403.784
1022.42 401.784
1022.13 399.802
1021.64 397.832
1021.5 395.822
1021.48 393.81
1021.47 391.798
1021.34 389.786
1021.1 387.785
1020.8 385.779
1020.66 383.745
1020.55 381.699
1020.25 379.673
1019.87 377.666
1019.56 375.661
1019.35 373.662
1019.18 371.645
1018.86 369.637
1018.51 367.637
1018.1 365.638
1017.77 363.642
1017.59 361.635
1017.38 359.627
1016.97 357.639
1016.68 355.624
1016.33 353.612
1015.91 351.612
1015.68 349.604
1015.58 347.578
1015.48 345.551
1015.1 343.561
1014.37 341.647
1013.91 339.672
1013.69 337.659
1013.47 335.645
1013.1 333.65
1012.62 331.67
1012.11 329.684
1011.75 327.665
1011.59 325.631
1011.38 323.592
1010.88 321.589
1010.41 319.582
1009.99 317.577
1009.53 315.587
1009.12 313.594
1008.63 311.624
1008.18 309.622
1007.79 307.601
1007.42 305.575
1006.88 303.59
1006.28 301.626
1005.76 299.65
1005.4 297.642
1005.1 295.618
1004.76 293.595
1004.41 291.56
1004.02 289.53
1003.62 287.515
1003.25 285.483
1002.84 283.46
1002.48 281.431
1001.97 279.428
1001.57 277.394
1001.33 275.344
1000.9 273.326
1000.09 271.386
999.699 269.337
999.455 267.261
998.91 265.245
998.152 263.283
997.606 261.256
997.19 259.201
996.549 257.192
995.812 255.2
995.138 253.193
994.356 251.216
993.637 249.215
992.959 247.188
992.537 245.075
991.893 243.035
990.92 241.147
989.75 239.319
988.916 237.331
988.017 235.38
987.038 233.465
986.025 231.538
985.426 229.475
984.902 227.389
983.91 225.435
983.175 223.386
981.931 221.547
981.29 219.483
980.559 217.443
979.611 215.48
978.761 213.49
977.953 211.491
977.126 209.491
976.053 207.581
975.26 205.558
974.303 203.599
973.571 201.558
972.691 199.567
971.689 197.632
970.626 195.731
969.827 193.736
969.257 191.652
968.264 189.725
967.402 187.776
966.695 185.738
966.143 183.658
965.527 181.609
965.004 179.536
964.309 177.492
963.662 175.425
963.058 173.336
962.43 171.252
961.921 169.139
961.489 166.991
961.076 164.845
960.307 162.755
959.691 160.618
959.174 158.459
958.461 156.345
957.665 154.252
957.191 152.071
956.648 149.902
955.724 147.864
954.702 145.861
953.682 143.833
952.487 141.923
950.99 140.259
949.331 138.684
947.658 137.119
946.219 135.326
944.822 133.449
943.162 131.803
941.498 130.126
939.499 128.86
937.639 127.414
935.762 125.976
933.804 124.721
931.911 123.382
929.889 122.255
927.769 121.344
925.776 120.183
923.979 118.757
922.091 117.416
920.062 116.268
918.18 114.977
916.265 113.737
914.17 112.877
912.15 111.831
910.146 110.848
908.145 109.86
906.147 108.882
904.19 107.792
902.203 106.803
900.134 106.084
898.118 105.205
896.161 104.147
894.114 103.443
892.049 102.748
890.052 101.875
887.951 101.386
885.922 100.666
883.861 100.05
881.785 99.4903
879.717 98.9543
877.648 98.403
875.551 97.9922
873.448 97.7001
871.341 97.5525
869.225 97.5059
867.107 97.5016
864.987 97.5032
862.863 97.5006
860.735 97.4986
858.603 97.4983
856.467 97.4975
854.324 97.4971
852.175 97.509
850.024 97.5212
847.874 97.6074
845.716 97.8706
843.576 98.2705
841.458 98.7994
839.396 99.5614
837.325 100.284
835.274 101.079
833.243 101.936
831.32 103.092
829.185 103.792
827.211 104.858
825.238 105.922
823.174 106.814
821.047 107.567
819.042 108.61
817.164 109.856
815.386 111.361
813.432 112.614
811.559 113.931
809.798 115.434
807.966 116.874
806.212 118.319
804.515 119.826
803.103 121.685
801.357 123.22
799.612 124.762
798.095 126.527
796.553 128.205
795.095 130.031
793.461 131.707
791.951 133.465
790.651 135.391
789.386 137.336
788.14 139.269
786.849 141.17
785.738 143.187
784.588 145.122
783.441 147.068
782.356 149.06
781.415 151.095
780.464 153.114
779.498 155.107
778.592 157.114
777.821 159.169
777.407 161.32
776.967 163.45
776.123 165.477
775.542 167.561
775.301 169.708
774.96 171.82
774.409 173.892
773.903 175.969
773.622 178.075
773.454 180.198
773.191 182.309
772.668 184.368
772.525 186.456
772.5 188.551
772.402 190.638
772.017 192.684
771.645 194.73
771.474 196.8
771.467 198.875
771.451 200.949
771.461 203.02
771.65 205.074
772.07 207.091
772.439 209.106
772.514 211.149
772.546 213.19
772.671 215.223
772.987 217.243
773.258 219.271
773.439 221.305
773.761 223.308
774.38 225.25
774.994 227.188
775.316 229.166
775.505 231.165
775.886 233.139
776.217 235.119
776.444 237.112
776.687 239.095
777.177 241.046
777.331 243.032
777.352 245.022
777.387 247.009
777.502 248.989
777.594 250.983
777.767 252.98
778.024 254.971
778.187 256.967
778.053 258.959
777.815 260.931
777.618 262.906
777.463 264.897
777.331 266.89
777.119 268.873
776.769 270.843
776.452 272.812
776.25 274.802
775.969 276.786
775.624 278.764
775.217 280.731
774.771 282.71
774.465 284.716
774.052 286.693
773.112 288.486
771.587 289.787
769.595 289.73
767.688 289.068
765.972 287.896
764.091 287.149
762.414 285.934
760.633 284.922
759.041 283.581
757.199 282.61
755.266 281.858
753.242 281.372
751.227 280.776
749.178 280.392
747.107 280.167
745.022 279.896
743.035 279.202
741.109 278.306
739.161 277.458
737.264 276.494
735.41 275.391
733.527 274.349
731.602 273.415
729.592 272.702
727.538 272.144
725.449 271.814
723.345 271.93
721.284 272.408
719.256 273
717.188 273.532
715.218 274.284
713.323 275.25
711.345 276.036
709.259 276.517
707.17 276.922
705.104 277.322
703.087 277.907
701.263 279.048
699.248 279.718
697.359 280.677
695.419 281.46
693.382 281.994
691.309 282.314
689.214 282.532
687.166 282.896
685.16 283.423
683.168 284.053
681.151 284.607
679.144 285.193
677.09 285.481
675.021 285.6
672.944 285.51
670.887 285.15
668.822 284.87
666.741 284.879
664.688 285.108
662.653 285.443
660.609 285.568
658.602 285.878
656.829 286.927
655.024 287.92
653.174 288.948
651.144 289.322
649.073 289.372
647.019 289.604
644.987 290.026
643.05 290.761
641.186 291.678
639.334 292.616
637.342 293.188
635.279 293.317
633.216 293.223
631.175 292.851
629.109 292.701
627.035 292.937
624.985 293.243
622.95 293.551
620.922 293.883
618.961 294.569
617.033 295.378
615.026 295.978
612.985 296.399
610.891 296.449
608.856 296.786
606.904 297.506
604.88 298.006
602.82 298.409
600.761 298.818
598.75 299.423
596.736 300.075
594.687 300.631
592.594 300.903
590.48 300.976
588.399 301.355
586.329 301.842
584.254 302.253
582.147 302.353
580.039 302.333
577.948 302.521
575.91 303.106
573.891 303.815
571.818 304.324
569.735 304.778
567.754 305.529
565.843 306.509
563.811 307.124
561.709 307.407
559.611 307.671
557.574 308.27
555.605 309.052
553.68 309.969
551.888 311.157
550.421 312.674
549.714 314.633
549.607 316.704
550.023 318.741
551.12 320.612
551.827 322.608
552.681 324.587
552.663 326.647
551.321 328.256
549.569 329.479
547.646 330.376
545.632 331.091
543.571 331.603
541.469 332.013
539.372 332.484
537.277 332.944
535.167 333.331
533.023 333.543
530.888 333.815
528.808 334.367
526.839 335.293
524.722 335.914
522.746 336.96
520.602 337.449
518.483 338.049
516.338 338.631
514.185 339.241
512.025 339.811
509.939 340.647
507.815 341.346
505.773 342.267
503.945 343.592
502.44 345.287
500.903 346.918
499.527 348.718
498.352 350.672
497.167 352.595
495.819 354.437
494.654 356.385
493.383 358.263
491.887 360
490.328 361.767
488.886 363.596
487.339 365.366
485.999 367.275
485.483 369.525
485.159 371.814
484.344 373.987
482.858 375.857
481.771 377.968
481.119 380.233
480.663 382.54
480.285 384.872
479.611 387.125
478.521 389.213
477.186 391.138
475.591 392.857
473.843 394.377
471.943 395.708
470.287 397.283
468.71 398.911
467.107 400.474
465.461 401.993
464.074 403.733
463.523 405.81
463.601 407.994
464.034 410.133
464.281 412.301
463.942 414.45
463.385 416.544
462.84 418.652
462.065 420.689
461.604 422.76
461.335 424.858
461.064 426.96
460.666 429.045
460.28 431.132
459.795 433.192
459.358 435.256
458.933 437.317
458.668 439.392
458.495 441.473
458.263 443.542
457.934 445.599
457.598 447.656
457.399 449.724
457.249 451.79
457.003 453.842
456.548 455.87
456.309 457.928
456.054 459.98
455.759 462.037
455.272 464.065
454.708 466.083
454.451 468.177
454.04 470.218
453.263 472.158
452.435 474.083
451.49 475.982
450.633 477.904
449.811 479.842
449.385 481.908
449.037 483.995
448.262 485.993
447.549 487.995
447.055 490.096
446.181 492.087
445.678 494.161
445.109 496.214
444.176 498.138
442.787 499.781
441.146 501.153
439.307 502.276
437.519 503.501
435.797 504.815
434.342 506.358
433.183 508.158
431.787 509.798
430.909 511.762
430.043 513.736
429.312 515.747
428.06 517.465
426.263 518.667
424.227 519.352
422.124 519.756
420.02 520.193
417.906 520.612
415.8 521.048
413.691 521.556
411.556 521.905
409.415 522.278
407.273 522.674
405.134 523.077
402.981 523.436
400.827 523.81
398.698 524.363
396.528 524.73
394.38 525.279
392.191 525.709
390.08 526.371
388.064 527.369
385.944 528.149
383.952 529.223
381.877 530.147
379.835 531.167
377.793 532.244
375.955 533.636
374.379 535.358
372.695 536.953
370.938 538.438
369.202 539.944
367.363 541.359
365.463 542.703
363.618 544.123
361.751 545.537
359.775 546.842
357.828 548.171
355.917 549.51
353.997 550.819
351.957 551.954
350.242 553.518
348.384 554.85
346.446 556.11
344.686 557.548
343.209 559.322
341.543 560.901
339.862 562.46
338.284 564.078
336.673 565.687
335.12 567.357
333.352 568.803
331.416 570.071
329.851 571.744
328.557 573.656
327.092 575.43
325.437 577.035
323.654 578.529
322.142 580.316
320.599 582.042
318.81 583.565
317.163 585.247
315.424 586.816
313.848 588.556
312.087 590.069
310.534 591.785
309.041 593.544
307.07 594.783
305.309 596.228
303.526 597.645
301.881 599.249
300.379 600.923
298.787 602.486
297.178 604.048
295.416 605.482
293.703 607.005
292.138 608.665
290.394 610.214
288.692 611.782
287.081 613.479
285.595 615.333
284.228 617.284
282.773 619.155
281.375 621.093
279.672 622.778
277.853 624.303
276.215 625.961
274.748 627.827
273.384 629.752
271.697 631.421
270.109 633.164
268.541 634.892
266.791 636.465
265.147 638.116
263.454 639.737
261.879 641.508
260.144 643.056
258.187 644.37
256.409 645.855
255.016 647.766
253.464 649.637
252.245 651.686
251.177 653.817
250.163 655.971
249.399 658.229
249.102 659.396
248.805 660.562
248.079 662.84
247.448 665.115
246.821 667.397
245.798 669.534
244.761 671.65
243.416 673.6
241.939 675.428
240.299 677.127
239.079 679.134
237.44 680.812
236.05 682.647
234.826 684.617
233.628 686.569
232.539 688.584
231.213 690.43
229.563 692.063
228.028 693.793
226.133 695.102
223.904 695.772
221.969 697.054
219.81 697.638
217.601 698.093
215.435 698.796
213.518 700.001
211.969 701.587
210.739 703.459
210.049 705.594
209.42 707.745
207.847 709.278
205.963 710.406
204.353 711.853
202.907 713.535
201.012 714.594
198.917 715.294
197.088 716.447
195.916 718.291
194.836 720.193
193.276 721.631
191.296 722.431
189.244 723.025
187.266 723.851
185.314 724.723
183.324 725.442
181.29 726.055
179.378 727.063
177.309 727.361
175.221 727.121
173.26 726.234
171.233 725.604
169.203 724.991
167.368 723.859
165.473 722.846
163.481 722.082
161.42 721.552
159.364 720.979
157.302 720.461
155.272 719.804
153.243 719.26
151.373 718.167
149.364 717.415
147.294 716.863
145.243 716.236
143.231 715.445
141.18 714.758
139.075 714.257
136.942 713.889
134.795 713.554
132.619 713.337
130.442 713.043
128.306 712.458
126.204 711.743
124.008 711.498
121.793 711.436
119.58 711.543
117.376 711.825
115.153 712.133
113.01 712.717
110.992 713.682
108.993 714.765
107.182 716.136
105.45 717.6
103.805 719.22
102.534 721.109
101.188 722.921
100.168 724.946
99.2366 727.041
98.3894 729.134
97.739 731.29
97.3338 733.51
96.7677 735.706
96.4923 737.956
96.4203 740.222
96.4763 742.5
96.574 744.798
96.8609 747.087
97.206 749.354
97.402 751.62
97.0383 753.846
95.5731 755.698
94.0681 757.494
92.4781 759.201
90.6699 760.675
89.1792 762.428
87.745 764.269
86.2304 766.02
85.0107 768.009
83.9834 770.113
84.0029 772.387
85.177 774.345
87.0544 775.784
88.7021 777.451
90.5767 778.798
92.4458 780.153
94.4421 781.287
96.5283 782.243
98.5299 783.382
100.656 784.252
102.688 785.325
104.836 786.074
106.977 786.822
109.094 787.641
111.233 788.342
113.345 789.036
115.473 789.649
117.572 790.342
119.608 791.181
121.755 791.617
123.925 791.894
125.923 792.705
127.913 793.576
130.005 794.155
132.073 794.781
134.131 795.445
136.244 795.875
138.302 796.44
140.348 797.048
142.406 797.577
144.399 798.321
146.451 798.915
148.512 799.397
150.62 799.67
152.609 800.365
154.596 801.087
156.667 801.403
158.741 801.713
160.743 802.348
162.757 802.937
164.782 803.483
166.826 803.877
168.843 804.376
170.849 804.911
172.864 805.389
174.91 805.724
176.925 806.231
178.985 806.437
181.063 806.434
183.13 806.204
185.17 805.793
187.236 805.68
189.302 805.646
191.37 805.553
193.444 805.353
195.509 805.425
197.253 806.526
198.305 808.322
198.817 810.353
199.467 812.338
200.788 813.961
202.397 815.312
204.413 815.984
206.36 816.889
208.407 817.406
210.486 817.835
212.493 818.564
214.496 819.341
216.529 820.044
218.578 820.719
220.643 821.35
222.751 821.849
224.775 822.643
226.837 823.338
228.96 823.788
231.089 824.324
233.134 825.098
235.263 825.469
237.411 825.798
239.499 826.499
241.578 827.199
243.699 827.767
245.839 828.247
248.015 828.446
250.173 828.199
252.12 827.24
253.751 825.786
255.07 824.043
255.612 821.962
256.296 819.923
257.14 817.931
257.41 815.807
257.508 813.676
257.49 811.532
257.532 809.384
257.982 807.289
258.794 805.284
259.422 803.21
259.522 801.053
259.62 798.906
259.996 796.798
260.653 794.765
261.827 792.985
263.45 791.489
265.148 790.106
266.779 788.718
268.238 787.144
269.624 785.499
271.331 784.206
273.336 783.473
275.415 782.955
277.361 781.998
279.362 781.28
281.322 780.461
283.336 779.82
285.373 779.244
287.426 778.737
289.491 778.316
291.547 777.918
293.622 777.697
295.709 777.572
297.796 777.437
299.875 777.284
301.944 777.088
303.989 776.715
306.068 776.609
308.152 776.656
310.234 776.676
312.299 776.467
314.326 775.974
316.34 775.522
318.341 774.961
320.356 774.483
322.347 773.963
324.321 773.369
326.285 772.723
328.305 772.304
330.314 771.819
332.25 771.047
334.155 770.212
336.039 769.353
337.991 768.684
339.999 768.187
342.047 767.863
344.098 767.648
346.149 767.599
348.2 767.595
350.248 767.553
352.277 767.298
354.301 766.898
356.326 766.477
358.363 766.147
360.291 765.465
362.167 764.615
364.045 763.752
365.976 763.015
367.984 762.43
369.982 761.882
371.98 761.356
373.944 760.733
375.872 760.011
377.923 759.679
379.966 759.375
381.951 758.758
383.947 758.176
385.991 757.925
387.954 758.549
389.575 759.819
390.531 761.66
391.054 763.707
391.761 765.657
393.06 767.378
393.824 769.334
394.345 771.351
394.644 773.416
394.789 775.518
395.344 777.543
396.356 779.407
397.155 781.335
397.454 783.386
397.379 785.484
396.936 787.521
396.066 789.422
394.879 791.179
393.718 792.937
393.141 794.932
392.704 796.989
392.509 799.083
392.732 801.162
393.191 803.209
393.592 805.272
394.081 807.322
394.548 809.377
394.989 811.447
395.546 813.498
396.298 815.489
397.159 817.459
397.598 819.537
397.954 821.638
398.596 823.682
399.227 825.739
399.779 827.809
400.723 829.771
401.316 831.832
401.671 833.953
402.407 835.961
403.342 837.908
404.189 839.894
404.665 841.996
405.265 844.073
405.854 846.163
406.727 848.175
407.453 850.24
408.078 852.332
408.611 854.468
409.387 856.502
410.248 858.494
411.322 860.388
412.873 861.893
414.631 863.18
416.72 863.609
418.867 863.577
420.936 863.051
422.837 862.057
424.48 860.71
426.18 859.422
427.769 858.005
429.228 856.455
430.974 855.311
433.08 855.191
434.885 856.117
435.855 857.972
436.741 859.868
437.339 861.865
437.341 863.95
436.907 866.002
436.212 867.982
435.391 869.921
434.602 871.872
433.739 873.792
432.954 875.744
432.002 877.641
431.305 879.615
430.299 881.486
429.715 883.492
429.548 885.592
429.169 887.662
428.566 889.691
428.025 891.744
427.597 893.817
427.401 895.928
427.354 898.059
427.356 900.197
427.355 902.34
427.295 904.485
427.087 906.627
426.6 908.745
426.142 910.872
425.672 912.979
425.157 915.085
424.386 917.133
423.665 919.201
423.177 921.319
422.851 923.476
423.076 925.65
423.652 927.743
424.897 929.548
426.459 931.073
428.33 932.27
430.266 933.328
432.274 934.228
434.453 934.527
436.661 934.622
438.872 934.554
441.061 934.245
443.223 933.752
445.397 933.346
447.566 932.899
449.708 932.291
451.75 931.422
453.573 930.153
455.156 928.61
455.75 926.504
456.194 924.329
456.491 922.127
456.58 919.917
456.531 917.705
456.21 915.509
455.779 913.329
455.385 911.144
454.885 908.969
454.702 906.748
455.268 904.604
456.478 902.702
457.579 900.717
458.69 898.743
459.884 896.806
461.208 894.917
462.241 892.845
463.554 890.934
464.895 889.022
465.791 886.881
466.752 884.76
467.85 882.711
468.994 880.681
470.244 878.712
471.773 876.903
473.37 875.146
474.871 873.308
476.346 871.419
477.638 869.4
479.091 867.525
480.622 865.687
482.206 863.931
484.084 862.502
485.881 861.029
487.574 859.375
489.173 857.662
490.411 855.661
491.806 853.798
493.411 852.13
494.853 850.354
496.008 848.398
497.506 846.716
498.799 844.861
500.203 843.111
501.574 841.35
503.094 839.668
504.439 837.92
506.342 837.047
508.421 837.414
509.649 839.136
510.244 841.238
511.376 843.1
512.41 844.997
513.175 846.997
513.663 849.066
514.136 851.143
514.486 853.258
514.503 855.396
514.36 857.534
514.418 859.646
514.961 861.679
515.969 863.561
517.22 865.325
518.368 867.124
519.336 869.024
519.796 871.117
520.169 873.205
520.277 875.322
520.35 877.444
520.618 879.545
521.227 881.577
522.012 883.545
523.212 885.358
523.742 887.402
523.72 889.544
523.677 891.689
523.778 893.831
524.266 895.92
524.698 898.009
525.272 900.081
525.978 902.103
527.159 903.957
527.699 906.06
528.115 908.205
528.746 910.277
529.589 912.294
530.548 914.263
531.675 916.145
532.859 918.003
534.146 919.787
535.834 921.254
537.72 922.398
539.729 923.378
541.701 924.407
543.513 925.726
545.064 927.385
546.137 929.356
547.079 931.382
547.755 933.519
548.181 935.707
548.525 937.923
548.999 940.111
549.604 942.244
550.678 944.219
551.638 946.222
552.877 948.092
553.939 950.043
555.403 951.776
557.043 953.331
558.965 954.55
560.966 955.583
563.066 956.389
565.232 956.983

