CONTOUR

1

1449

333.808 1129.28
335.945 1129.01
338.072 1128.59
340.198 1128.18
342.328 1127.8
344.458 1127.52
346.582 1127.12
348.564 1126.18
350.636 1125.56
352.677 1124.85
354.738 1124.19
356.808 1123.54
358.899 1122.96
360.924 1122.2
362.997 1121.54
365.086 1120.92
367.059 1119.98
369.098 1119.29
371.173 1118.59
373.235 1117.86
375.343 1117.31
377.374 1116.52
379.343 1115.59
381.31 1114.64
383.334 1113.81
385.439 1113.27
387.516 1112.56
389.578 1111.74
391.684 1111.04
393.594 1109.78
395.675 1108.97
397.728 1108.07
399.735 1107.02
401.74 1105.89
403.79 1104.9
405.668 1103.58
407.589 1102.29
409.495 1101.02
411.49 1099.86
413.415 1098.57
415.276 1097.2
416.982 1095.64
418.533 1093.95
420.358 1092.58
421.954 1090.97
423.588 1089.37
425.341 1087.87
427.489 1087.04
429.554 1085.99
431.73 1085.3
433.918 1084.62
436.109 1083.93
438.304 1083.27
440.461 1082.5
442.678 1081.92
444.899 1081.29
447.007 1080.34
449.087 1079.44
451.131 1078.41
453.215 1077.54
455.327 1076.64
457.358 1075.59
459.349 1074.46
461.402 1073.49
463.452 1072.45
465.475 1071.38
467.364 1070.07
469.364 1068.99
471.266 1067.66
473.066 1066.25
474.457 1064.49
475.381 1062.46
475.508 1060.24
474.906 1058.06
473.973 1055.98
472.873 1054.02
472.125 1051.91
471.297 1049.83
469.972 1048.01
468.777 1046.17
467.62 1044.31
466.654 1042.35
465.786 1040.34
464.916 1038.32
464.176 1036.26
463.688 1034.15
463.764 1031.98
464.421 1029.86
465.174 1027.78
465.526 1025.61
465.676 1023.41
465.722 1021.2
465.738 1018.97
465.882 1016.74
466.377 1014.54
466.629 1012.29
466.962 1010.05
467.49 1007.84
468.452 1005.75
469.825 1003.9
471.444 1002.22
473.015 1000.5
474.514 998.735
475.948 996.855
477.491 995.06
479.269 993.44
480.801 991.613
482.459 989.919
484.378 988.533
486.036 986.855
487.773 985.216
489.401 983.426
490.83 981.463
492.339 979.585
493.833 977.683
495.436 975.824
497.017 974.014
498.27 971.983
499.846 970.181
501.806 968.812
503.704 967.347
505.632 965.868
507.562 964.425
509.448 962.951
511.495 961.733
513.472 960.435
515.334 958.972
517.265 957.601
519.277 956.321
521.176 954.926
523.249 953.888
525.517 953.449
527.75 953.96
529.524 955.521
531.286 957.035
533.24 958.29
535.171 959.596
537.108 960.882
539.19 961.835
541.294 962.711
543.367 963.692
545.255 965.014
547.235 966.081
549.143 967.331
551.234 968.226
553.222 969.34
555.283 970.229
557.274 971.3
559.277 972.357
561.289 973.393
563.381 974.195
565.351 975.306
567.369 976.3
569.395 977.273
571.45 978.141
573.486 979.052
575.499 980.047
577.471 981.098
579.508 982.006
581.433 983.168
583.433 984.176
585.424 985.22
587.471 986.078
589.526 986.921
591.562 987.847
593.633 988.698
595.791 989.229
597.995 989.345
600.119 988.829
601.964 987.608
603.331 985.86
604.376 983.893
605.22 981.858
605.788 979.725
606.501 977.626
607.279 975.545
607.731 973.373
608.806 971.439
610.289 969.796
612.429 969.342
614.635 969.578
616.765 970.279
618.889 971.012
621.035 971.709
623.202 972.333
625.302 973.23
627.412 974.051
629.335 975.313
631.287 976.512
633.17 977.819
634.858 979.331
636.413 980.993
637.563 983.006
638.863 984.906
640.141 986.816
641.587 988.644
643.31 990.227
644.994 991.861
646.594 993.568
648.174 995.325
649.612 997.226
651.498 998.664
653.322 1000.16
655.148 1001.7
656.861 1003.33
658.725 1004.76
660.545 1006.25
662.307 1007.82
663.851 1009.69
665.673 1011.31
667.269 1013.12
668.676 1015.11
670.229 1016.89
671.645 1018.79
673.008 1020.74
674.03 1022.89
675.584 1024.6
677.399 1026.01
679.475 1027.02
681.671 1027.56
683.937 1027.55
686.118 1026.91
687.973 1025.61
689.59 1023.96
690.79 1022.05
691.425 1019.9
691.641 1017.67
691.7 1015.44
691.719 1013.22
691.819 1011.01
692.151 1008.84
692.529 1006.69
692.634 1004.53
692.667 1002.38
692.683 1000.24
692.672 998.11
692.668 995.987
692.667 993.875
692.698 991.772
692.836 989.669
693.096 987.586
693.356 985.511
693.568 983.434
693.691 981.386
693.805 979.336
694.021 977.28
694.429 975.237
694.72 973.192
695.209 971.186
695.607 969.152
696.142 967.138
696.826 965.168
697.45 963.177
698.064 961.193
698.691 959.211
699.281 957.208
699.865 955.204
700.426 953.201
700.993 951.198
701.524 949.185
701.981 947.137
702.702 945.175
703.652 943.326
704.662 941.506
705.467 939.591
706.161 937.618
706.952 935.673
707.911 933.818
708.793 931.945
709.453 929.992
709.951 927.966
710.839 926.082
711.441 924.113
712.057 922.147
713.332 920.547
715.178 919.705
717.02 920.522
718.081 922.276
718.762 924.276
719.486 926.265
720.17 928.279
721.238 930.129
722.246 932.018
723.353 933.871
724.08 935.89
724.902 937.919
725.549 939.994
725.989 942.117
726.776 944.16
727.167 946.312
727.323 948.508
727.539 950.706
728.287 952.788
729.021 954.907
729.234 957.14
729.735 959.29
730.96 961.131
732.546 962.693
734.176 964.222
736.107 965.367
738.178 966.247
740.238 967.204
742.457 967.784
744.548 968.726
746.751 969.324
749.026 969.579
751.325 969.523
753.57 969.165
755.681 968.253
757.766 967.349
759.77 966.199
761.715 964.963
763.149 963.109
764.639 961.315
765.956 959.4
767.349 957.489
768.217 955.333
768.745 953.041
769.555 950.85
770.769 948.863
772.626 947.44
774.716 946.355
776.886 945.491
779.129 944.822
781.205 943.698
783.382 942.759
785.385 941.508
787.407 940.33
789.333 938.975
791.275 937.638
793.212 936.309
795.071 934.887
796.975 933.503
798.933 932.153
800.564 930.481
801.778 928.476
802.975 926.432
804.298 924.469
805.76 922.622
807.567 921.063
809.23 919.313
810.589 917.323
811.987 915.356
813.406 913.408
815.081 911.63
816.532 909.715
817.694 907.637
818.892 905.578
820.387 903.696
821.892 901.846
823.337 899.951
824.467 897.856
825.597 895.769
826.786 893.719
828.049 891.723
829.194 889.66
830.32 887.594
831.626 885.623
833.314 883.928
834.545 881.932
835.619 879.824
836.794 877.761
837.885 875.69
839.297 873.806
840.633 871.872
841.873 869.893
843.141 867.963
844.413 866.008
845.327 863.868
846.326 861.807
847.433 859.78
848.386 857.671
849.581 855.692
850.765 853.712
852.06 851.803
853.148 849.783
853.925 847.602
855.161 845.637
856.191 843.595
857.321 841.579
858.33 839.511
859.495 837.514
860.63 835.508
861.634 833.439
862.91 831.481
863.819 829.356
865.406 827.62
866.534 825.622
867.55 823.539
868.766 821.543
869.871 819.519
871.166 817.592
872.096 815.464
873.434 813.538
874.65 811.571
875.965 809.653
877.139 807.652
878.363 805.695
879.6 803.736
880.819 801.75
881.89 799.708
883.119 797.753
884.32 795.783
885.254 793.688
886.091 791.54
887.519 789.72
888.937 787.911
889.78 785.771
890.723 783.663
891.814 781.649
893.133 779.763
894.108 777.697
895.289 775.71
896.355 773.709
897.347 771.682
898.283 769.624
899.42 767.629
900.629 765.682
901.535 763.605
902.355 761.493
903.479 759.51
904.586 757.515
905.488 755.443
906.499 753.415
907.74 751.476
908.934 749.506
909.754 747.376
910.817 745.362
911.815 743.313
913.067 741.368
914.092 739.33
915.105 737.297
916.506 735.452
917.768 733.522
918.993 731.549
919.844 729.406
921.101 727.462
922.131 725.404
923.298 723.423
924.547 721.484
925.627 719.461
926.726 717.437
927.759 715.373
929.076 713.451
930.289 711.484
931.538 709.524
932.745 707.553
933.86 705.533
935.256 703.625
936.32 701.556
937.449 699.542
938.731 697.609
939.991 695.642
941.147 693.636
942.179 691.601
943.488 689.707
944.705 687.757
945.734 685.724
946.877 683.761
948.115 681.848
949.155 679.823
949.926 677.7
950.9 675.639
951.888 673.585
953.154 671.688
954.217 669.699
955.417 667.799
956.593 665.881
957.615 663.875
958.782 661.968
959.6 659.896
960.603 657.901
961.546 655.9
962.455 653.885
963.456 651.931
964.422 649.974
965.285 647.966
966.035 645.92
967.102 643.993
967.812 641.913
969.002 640.063
969.735 638.037
970.337 635.985
971.043 633.958
971.749 631.929
972.448 629.912
972.978 627.857
973.414 625.78
973.891 623.709
974.584 621.722
975.322 619.747
975.792 617.704
976.299 615.666
976.979 613.686
977.315 611.65
977.544 609.595
977.926 607.548
978.553 605.555
979.127 603.557
979.584 601.542
980.071 599.537
980.562 597.519
980.953 595.485
981.283 593.457
981.543 591.426
981.786 589.382
982.321 587.384
983.117 585.445
983.372 583.4
983.553 581.344
983.851 579.315
984.389 577.328
984.857 575.32
985.329 573.332
985.743 571.317
986.218 569.326
986.583 567.33
986.999 565.321
987.447 563.311
987.876 561.294
988.362 559.292
988.745 557.27
989.096 555.243
989.401 553.21
989.872 551.21
990.398 549.22
990.938 547.236
991.325 545.22
991.659 543.185
992.339 541.226
993.165 539.306
993.706 537.303
994.407 535.338
995.012 533.346
995.547 531.329
996.059 529.307
996.509 527.275
996.872 525.222
997.389 523.199
997.892 521.164
998.579 519.165
999.013 517.075
999.523 514.994
999.952 512.922
1000.66 510.87
1001.21 508.782
1001.73 506.664
1002.43 504.589
1003.1 502.487
1003.61 500.334
1004.09 498.163
1004.53 495.977
1005.02 493.791
1005.35 491.571
1005.77 489.373
1006.98 487.432
1008.11 485.463
1009.5 483.654
1010.79 481.756
1012.34 480.042
1014.05 478.518
1015.57 476.771
1017.04 474.975
1018.41 473.109
1019.96 471.34
1021.39 469.436
1022.78 467.527
1024.14 465.591
1025.51 463.643
1026.86 461.679
1028.27 459.779
1029.6 457.811
1031.05 455.886
1032.17 453.811
1033.59 451.918
1034.68 449.847
1035.71 447.717
1037.08 445.803
1038.22 443.792
1039.47 441.818
1040.52 439.739
1041.66 437.715
1042.84 435.724
1044.08 433.759
1045.16 431.703
1046.16 429.629
1047.38 427.659
1048.44 425.598
1049.66 423.633
1050.96 421.712
1052.27 419.828
1053.4 417.834
1054.51 415.801
1055.71 413.849
1056.98 411.954
1057.84 409.869
1058.84 407.815
1059.88 405.828
1060.83 403.812
1061.67 401.752
1062.74 399.765
1063.6 397.718
1064.48 395.694
1065.52 393.735
1066.45 391.719
1067.42 389.751
1068.28 387.756
1069.15 385.759
1069.88 383.713
1070.73 381.708
1071.55 379.689
1072.24 377.643
1072.97 375.585
1073.6 373.499
1074.36 371.453
1074.97 369.359
1075.65 367.284
1076.45 365.231
1077.15 363.138
1077.63 360.98
1078.27 358.859
1078.95 356.737
1079.62 354.628
1080.22 352.477
1080.8 350.31
1081.24 348.111
1081.36 345.877
1081.19 343.64
1080.76 341.42
1080.48 339.164
1080.03 336.921
1079.03 334.901
1077.61 333.074
1076 331.401
1074.19 329.891
1072.68 328.063
1070.95 326.462
1069.25 324.824
1067.3 323.478
1065.34 322.148
1063.36 320.848
1061.41 319.427
1059.55 317.905
1057.53 316.602
1055.52 315.232
1053.56 313.797
1051.63 312.37
1049.72 310.931
1047.74 309.552
1045.7 308.284
1043.69 306.974
1041.62 305.781
1039.46 304.737
1037.29 303.697
1034.96 303.043
1032.97 301.648
1031.04 300.169
1029.05 298.719
1027.21 297.118
1025.61 295.246
1024.1 293.287
1022.37 291.611
1020.39 290.236
1018.53 288.75
1016.84 287.069
1015.19 285.327
1013.28 283.85
1011.36 282.41
1009.54 280.863
1007.71 279.297
1006 277.639
1004.52 275.784
1002.99 273.992
1001.23 272.441
999.564 270.786
998.085 268.901
996.521 267.111
994.945 265.336
993.422 263.489
991.636 261.86
989.875 260.249
988.353 258.444
986.786 256.673
985.07 255.029
983.398 253.242
981.614 251.573
979.889 249.85
978.515 247.855
977.078 245.98
975.483 244.267
973.639 242.825
971.888 241.347
970.309 239.648
968.754 238.011
967.191 236.383
965.666 234.703
964.089 233.082
962.593 231.348
961.138 229.546
959.284 228.141
957.369 226.734
955.603 225.135
953.872 223.453
952.044 221.861
950.187 220.403
948.365 218.899
946.641 217.24
944.952 215.543
943.146 213.945
941.32 212.332
939.511 210.707
937.611 209.183
935.767 207.575
934.051 205.844
932.226 204.31
930.256 202.934
928.402 201.456
926.63 199.86
924.674 198.507
922.912 196.889
921.083 195.37
919.248 193.82
917.189 192.533
915.279 191.039
913.371 189.515
911.372 188.071
909.448 186.492
907.444 185.064
905.522 183.497
904.544 182.727
903.566 181.958
901.586 180.462
899.725 178.847
897.777 177.325
895.813 175.796
893.805 174.356
891.861 172.877
889.876 171.432
887.79 170.126
885.824 168.74
883.839 167.359
881.839 165.956
879.694 164.812
877.77 163.359
875.96 161.756
873.928 160.518
871.827 159.375
869.898 157.938
867.851 156.795
865.851 155.558
863.79 154.42
861.752 153.286
859.802 152.006
857.684 151.063
855.75 149.778
853.761 148.618
851.866 147.307
849.866 146.175
847.815 145.151
845.954 143.794
844.113 142.494
842.14 141.397
840.066 140.464
838.109 139.394
836.245 138.159
834.297 137.094
832.399 135.919
830.482 134.864
828.607 133.704
826.661 132.724
824.659 131.906
822.811 130.768
820.898 129.721
818.936 128.809
816.993 127.813
814.989 127.004
813.147 125.763
811.159 124.837
809.086 124.128
807.106 123.203
805.043 122.448
802.954 121.808
800.834 121.338
798.854 120.446
796.821 119.577
794.821 118.717
792.873 117.743
790.832 116.985
788.857 116.042
786.925 115.057
784.966 114.144
782.967 113.329
780.918 112.613
778.941 111.68
776.943 110.885
775.034 109.852
772.972 109.22
771.012 108.322
769.088 107.339
767.088 106.553
765.048 105.885
762.974 105.282
760.965 104.579
759.027 103.662
756.895 103.385
754.77 103.082
752.894 101.956
750.89 101.22
748.823 100.605
746.771 99.9106
744.684 99.3653
742.576 98.9189
740.513 98.3433
738.456 97.7396
736.364 97.32
734.329 96.7102
732.224 96.4338
730.13 96.0938
728.041 95.697
725.94 95.3625
723.837 95.0483
721.79 94.4133
719.725 93.8358
717.623 93.4646
715.497 93.2696
713.384 92.9266
711.304 92.3342
709.26 91.556
707.271 90.7101
705.404 89.6474
703.6 88.4224
701.774 87.2479
700.336 85.5842
698.649 84.2283
696.888 82.9631
695.024 81.8424
693.064 80.862
691.197 79.681
689.302 78.5814
687.437 77.4195
685.477 76.4175
683.533 75.4185
681.569 74.4623
679.553 73.6093
677.55 72.7766
675.607 71.7549
673.447 71.4067
671.338 70.9038
669.376 69.9052
667.305 69.265
665.233 68.6791
663.133 68.1835
661.029 67.6454
658.913 67.1766
656.795 66.7667
654.66 66.5506
652.531 66.5139
650.403 66.5181
648.276 66.553
646.136 66.6348
643.99 66.6532
641.848 66.6612
639.708 66.779
637.592 67.0816
635.474 67.3566
633.353 67.6384
631.258 68.098
629.139 68.5734
627.01 69.0121
624.861 69.2997
622.712 69.5593
620.573 69.9342
618.534 70.845
616.382 71.3867
614.244 71.9488
612.171 72.7973
610.074 73.6056
607.972 74.3978
605.967 75.3981
604.006 76.4918
601.954 77.4106
599.83 78.2519
597.937 79.515
596.216 81.0089
594.417 82.3992
592.637 83.8467
590.844 85.2601
588.994 86.6411
587.218 88.1529
585.292 89.4838
583.496 90.9883
581.814 92.6701
580.162 94.3373
578.388 95.8957
577.006 97.8323
575.595 99.7747
574.022 101.561
572.611 103.463
571.225 105.392
569.959 107.363
568.625 109.281
567.344 111.261
566.057 113.222
564.95 115.248
563.751 117.209
562.484 119.146
561.389 121.129
560.56 123.225
559.544 125.25
558.558 127.265
557.649 129.292
556.821 131.343
555.976 133.392
555.1 135.426
554.338 137.466
553.615 139.519
552.957 141.594
552.104 143.6
551.573 145.712
551.027 147.813
549.947 149.725
549.348 151.773
548.902 153.877
548.387 155.955
547.739 157.995
547.217 160.072
546.66 162.132
546.144 164.184
545.742 166.249
545.428 168.332
545.225 170.417
544.945 172.492
544.451 174.531
543.899 176.557
543.503 178.615
543.272 180.692
543.24 182.781
543.533 184.854
543.91 186.906
544.279 188.95
544.395 191.008
544.38 193.072
544.408 195.139
544.442 197.209
544.555 199.276
544.984 201.304
545.26 203.351
545.392 205.421
545.569 207.493
545.898 209.537
546.27 211.585
546.611 213.642
547.008 215.683
547.53 217.703
548.24 219.681
548.889 221.67
549.429 223.673
549.85 225.704
550.445 227.713
551.217 229.689
551.806 231.697
552.824 233.565
553.478 235.557
554.181 237.547
555.015 239.508
555.644 241.5
556.427 243.443
557.153 245.4
557.662 247.427
558.42 249.373
559.297 251.293
559.908 253.312
560.891 255.189
561.475 257.183
561.946 259.201
562.6 261.18
563.247 263.162
563.905 265.131
564.652 267.067
565.283 269.035
565.699 271.059
566.267 273.043
566.64 275.075
567.091 277.081
567.284 279.108
567.391 281.161
567.463 283.2
567.547 285.234
567.719 287.281
568.096 289.295
568.755 291.265
569.137 293.283
569.327 295.319
569.494 297.354
569.643 299.402
569.806 301.461
569.694 303.518
568.976 305.42
567.496 306.873
565.719 307.968
563.803 308.783
561.908 309.662
560.018 310.605
558.047 311.344
555.961 311.686
553.946 312.345
551.875 312.859
549.82 313.41
547.699 313.62
545.548 313.807
543.409 314.081
541.24 314.26
539.093 314.61
537.109 315.509
535.556 317.039
534.675 319.088
533.903 321.183
533.103 323.263
531.744 325.027
530.104 326.621
528.781 328.44
527.443 330.276
526.12 332.147
525.255 334.269
524.096 336.259
522.518 337.994
521.015 339.775
519.547 341.619
518.147 343.552
516.401 345.16
514.554 346.646
513.357 348.713
512.002 350.64
510.564 352.512
509.056 354.329
507.35 355.996
505.68 357.694
504.242 359.597
502.564 361.314
500.989 363.122
499.37 364.892
497.415 366.3
495.561 367.821
494.082 369.747
492.83 371.786
491.654 373.869
490.6 376.034
489.548 378.214
488.447 380.341
487.035 382.301
485.617 384.262
484.292 386.261
482.989 388.307
481.432 390.13
479.502 391.605
477.579 393.087
475.915 394.786
474.607 396.802
473.321 398.791
471.825 400.665
470.419 402.563
469.18 404.577
467.647 406.379
465.983 408.034
464.589 409.934
463.393 411.991
461.993 413.925
460.525 415.797
459.202 417.804
458.084 419.925
457.059 422.067
455.47 423.897
453.914 425.74
452.746 427.856
451.327 429.755
449.643 431.49
448.213 433.405
447.143 435.539
445.904 437.604
444.969 439.787
443.759 441.836
442.521 443.862
441.287 445.872
439.773 447.726
438.414 449.679
437.145 451.68
436.206 453.835
435.352 456.026
434.847 458.287
435.14 460.545
436.391 462.446
438.224 463.826
440.145 465.126
441.169 467.141
440.663 469.351
439.543 471.378
438.592 473.482
437.923 475.687
437.658 477.961
437.216 480.189
436.271 482.26
434.99 484.144
433.635 485.954
432.223 487.758
431.044 489.743
429.629 491.553
428.193 493.35
426.831 495.222
425.645 497.173
424.508 499.105
423.13 500.88
421.613 502.535
420.254 504.297
419.001 506.171
417.671 507.995
416.713 510.011
415.875 512.087
415.509 514.303
415.12 516.503
414.333 518.596
413.714 520.738
413.511 522.947
413.44 525.152
413.364 527.35
413.348 529.565
413.693 531.715
414.519 533.752
415.227 535.827
415.385 538.011
415.399 540.187
415.484 542.365
416.033 544.464
416.996 546.444
417.768 548.475
418.56 550.527
418.571 552.691
417.706 554.673
416.405 556.409
415.013 558.067
413.809 559.907
413.16 562.047
412.142 563.991
410.79 565.737
409.509 567.544
408.199 569.324
407.13 571.221
405.824 573.032
404.212 574.532
402.645 576.057
401.867 578.077
401.497 580.241
400.818 582.297
399.38 583.969
397.73 585.489
396.324 587.156
395.262 589.08
394.465 591.13
393.691 593.161
393.156 595.271
392.575 597.365
391.86 599.406
391.511 601.518
391.363 603.643
391.032 605.745
390.432 607.806
389.944 609.876
389.709 611.984
389.455 614.082
388.966 616.14
388.714 618.237
388.618 620.341
388.541 622.446
388.375 624.543
388.268 626.633
387.996 628.706
387.588 630.759
387.114 632.794
386.571 634.804
386.142 636.839
385.799 638.888
385.488 640.942
385.331 643.02
385.141 645.091
384.575 647.089
384.099 649.106
383.622 651.163
383.069 653.18
382.178 655.097
381.276 657.024
380.636 659.03
380.231 661.124
379.774 663.205
379.186 665.253
378.532 667.287
378.017 669.36
377.656 671.478
377.427 673.627
377.17 675.766
376.493 677.825
375.592 679.827
375.143 681.993
374.655 684.16
374.288 686.362
373.822 688.543
373.657 690.773
373.636 693.017
373.63 695.274
373.618 697.537
374.035 699.735
375.313 701.628
376.689 703.487
378.144 705.265
380.046 706.609
381.672 708.24
383.448 709.694
385.25 711.145
387.013 712.611
388.846 713.966
390.814 715.116
392.681 716.365
394.592 717.546
396.49 718.709
398.324 719.976
400.069 721.396
401.81 722.788
403.609 724.141
405.371 725.533
406.58 727.389
407.316 729.473
407.535 731.659
407.265 733.829
406.495 735.895
405.632 737.942
404.939 740.026
404.398 742.134
403.546 744.133
402.657 746.145
401.878 748.193
401.319 750.292
400.335 752.232
399.578 754.275
398.857 756.313
397.763 758.205
397.061 760.254
396.202 762.234
395.248 764.159
394.278 766.082
393.501 768.098
392.91 770.166
392.098 772.192
391.547 774.304
390.975 776.38
389.962 778.351
389.441 780.469
388.918 782.597
388.143 784.652
387.452 786.723
386.818 788.814
386.25 790.921
385.537 792.99
385.16 795.149
384.528 797.247
383.541 799.209
382.234 800.981
381.378 802.93
380.79 805.007
380.029 807.042
379.05 808.969
378.189 810.933
377.545 812.973
376.98 815.067
375.807 816.943
375.067 819.008
374.009 820.947
373.448 823.048
372.748 825.11
371.887 827.127
371.062 829.169
370.552 831.293
370.298 833.473
370.231 835.672
370.15 837.868
369.949 840.061
370.062 842.255
370.46 844.434
371.081 846.557
372.059 848.556
373.285 850.434
374.469 852.316
375.834 854.073
377.14 855.909
378.562 857.63
380.099 859.275
381.424 861.1
383.039 862.607
384.634 864.13
386.251 865.627
388.07 866.843
389.976 867.941
392.002 868.805
393.781 870.063
394.605 872.024
394.348 874.17
393.725 876.25
393.243 878.359
392.496 880.393
391.795 882.445
391.35 884.534
390.831 886.617
389.814 888.532
389.211 890.569
388.796 892.655
388.379 894.739
387.84 896.793
387.13 898.793
386.33 900.767
385.707 902.78
385.299 904.846
384.791 906.885
383.75 908.753
383.103 910.767
382.121 912.657
381.371 914.624
380.744 916.629
380.273 918.658
379.612 920.64
379.317 922.702
379.272 924.79
379.34 926.88
379.445 928.968
379.785 931.029
380.348 933.052
380.816 935.106
381.25 937.153
381.417 939.243
381.581 941.317
382.014 943.341
382.661 945.342
383.325 947.339
383.851 949.373
384.559 951.354
385.332 953.323
385.949 955.318
386.636 957.301
386.975 959.373
386.761 961.47
386.373 963.555
385.847 965.595
385.118 967.576
383.862 969.331
382.847 971.174
382.281 973.224
382.028 975.353
381.871 977.503
381.86 979.674
381.755 981.842
381.381 983.962
380.424 985.89
379.092 987.612
377.496 989.107
375.675 990.402
374.097 991.948
372.822 993.761
371.397 995.466
370.108 997.279
369.255 999.302
368.639 1001.42
368.392 1003.62
368.443 1005.83
368.925 1008
369.584 1010.14
370.779 1012.08
371.675 1014.13
371.398 1016.32
370.522 1018.4
369.485 1020.4
367.876 1022
366.117 1023.48
364.479 1025.06
362.83 1026.57
361.216 1028.12
359.504 1029.6
357.934 1031.25
356.186 1032.61
354.187 1033.57
352.188 1034.57
350.121 1035.41
348.032 1036.17
345.903 1036.81
343.739 1037.35
341.624 1038
339.641 1039.08
337.489 1039.68
335.502 1040.72
333.445 1041.56
331.313 1042.14
329.167 1042.77
327.109 1043.68
324.978 1044.44
322.826 1045.09
320.658 1045.7
318.64 1046.77
316.496 1047.43
314.304 1048
312.426 1049.3
310.567 1050.6
308.673 1051.88
306.893 1053.3
305.348 1055.01
303.321 1056.05
301.657 1057.63
300.339 1059.49
299.268 1061.51
298.354 1063.61
297.795 1065.82
297.54 1068.09
297.459 1070.38
297.486 1072.65
297.595 1074.93
297.877 1077.19
298.452 1079.4
299.153 1081.56
299.834 1083.73
300.603 1085.87
301.496 1087.96
302.514 1090.01
303.598 1092.03
304.844 1093.95
305.945 1095.94
307.338 1097.8
308.752 1099.61
310.124 1101.43
311.534 1103.27
313.245 1104.81
314.932 1106.29
316.701 1107.7
318.631 1108.84
320.561 1109.92
322.44 1111.13
324.603 1111.73
326.396 1112.98
327.77 1114.7
328.728 1116.69
329.319 1118.79
329.58 1120.96
329.571 1123.15
329.598 1125.34
330.195 1127.38
331.75 1128.79

