CONTOUR

1

1566

793.099 1229.31
795.337 1229.04
797.44 1228.14
799.378 1226.88
801.209 1225.48
802.646 1223.66
804.227 1222.04
805.72 1220.31
807.27 1218.63
808.843 1217.01
810.373 1215.33
811.892 1213.58
813.567 1211.99
815.123 1210.29
816.484 1208.44
817.738 1206.56
818.932 1204.6
820.231 1202.73
821.371 1200.76
822.459 1198.75
823.533 1196.74
824.647 1194.74
825.553 1192.67
826.511 1190.62
827.496 1188.59
828.457 1186.56
829.288 1184.49
829.832 1182.33
830.691 1180.25
831.368 1178.14
831.553 1175.94
831.717 1173.76
831.883 1171.58
832.204 1169.41
832.523 1167.24
832.622 1165.08
832.564 1162.92
832.332 1160.78
831.84 1158.68
831.578 1156.54
831.132 1154.43
830.472 1152.37
829.658 1150.39
828.893 1148.41
827.939 1146.52
826.75 1144.73
825.637 1142.89
824.931 1140.84
823.808 1138.97
822.897 1137.02
821.73 1135.16
820.839 1133.17
820.265 1131.08
820.601 1128.95
821.746 1127.09
823.172 1125.37
824.544 1123.62
825.462 1121.61
826.046 1119.47
826.519 1117.32
826.784 1115.13
827.068 1112.94
827.415 1110.76
827.655 1108.55
827.727 1106.34
827.593 1104.12
827.259 1101.94
826.635 1099.81
825.929 1097.7
825.266 1095.59
824.146 1093.68
822.873 1091.91
821.373 1090.25
819.483 1089.03
817.704 1087.66
815.71 1086.67
813.714 1085.71
811.628 1085.03
809.526 1084.4
807.509 1083.52
805.869 1082.09
805.051 1080.06
804.446 1077.95
803.693 1075.91
802.942 1073.89
802.084 1071.88
801.346 1069.84
800.561 1067.83
799.737 1065.83
799.278 1063.7
798.454 1061.72
797.834 1059.67
797.367 1057.58
796.684 1055.56
795.955 1053.56
795.148 1051.58
794.264 1049.63
793.335 1047.7
792.046 1045.99
791.191 1044.08
790.215 1042.23
789.304 1040.37
787.815 1038.89
786.653 1037.14
785.689 1035.3
785.155 1033.29
785.011 1031.21
785.141 1029.12
785.427 1027.05
785.843 1025.02
786.587 1023.06
787.248 1021.08
787.906 1019.1
788.461 1017.1
788.898 1015.08
789.569 1013.11
790.411 1011.21
791.268 1009.31
791.922 1007.34
792.753 1005.41
793.442 1003.43
794.128 1001.45
794.934 999.508
795.805 997.587
796.536 995.617
797.07 993.588
797.529 991.54
798.202 989.587
799.241 987.738
799.828 985.733
800.465 983.72
800.934 981.686
801.444 979.658
802.043 977.647
802.833 975.695
804.16 974.077
805.978 973.097
807.974 972.507
810.044 972.14
812.094 971.637
814.144 971.14
816.186 970.629
818.235 970.258
820.237 969.672
822.14 968.827
823.848 967.6
825.567 966.321
826.712 964.583
827.409 962.613
827.675 960.535
827.714 958.443
827.664 956.351
827.6 954.263
827.555 952.179
827.389 950.122
826.999 948.092
826.623 946.05
826.583 943.981
827.103 941.988
828.491 940.51
830.335 939.628
832.235 938.879
834.216 938.391
836.132 937.71
838.004 936.91
839.783 935.854
841.802 935.466
843.823 935.174
845.814 934.701
847.826 934.303
849.829 933.936
851.846 933.824
853.857 933.939
855.847 934.334
857.856 934.488
859.867 934.591
861.875 934.709
863.877 934.865
865.897 935.087
867.909 935.354
869.928 935.481
871.945 935.546
873.966 935.563
875.989 935.563
878.013 935.563
880.037 935.569
882.054 935.595
884.077 935.718
886.1 936.07
888.118 936.529
890.151 936.624
892.192 936.543
894.224 936.302
896.22 935.755
898.284 935.585
900.35 935.569
902.42 935.587
904.502 935.636
906.589 935.799
908.666 936.19
910.752 936.589
912.798 937.135
914.852 937.604
916.898 938.143
918.98 938.57
921.018 939.193
923.114 939.551
925.239 939.693
927.36 939.571
929.399 938.988
931.085 937.734
932.102 935.872
932.502 933.793
932.547 931.668
932.401 929.543
932.091 927.432
931.595 925.352
930.853 923.336
930.148 921.319
929.558 919.274
929.09 917.205
928.234 915.246
927.605 913.209
927.072 911.153
925.864 909.312
925.109 907.318
924.334 905.344
923.523 903.376
922.825 901.37
922.099 899.378
921.383 897.397
920.667 895.426
919.943 893.451
919.478 891.424
918.906 889.39
918.487 887.346
917.857 885.36
917.385 883.342
916.903 881.342
916.741 879.304
916.753 877.25
916.761 875.204
916.761 873.164
916.772 871.13
916.58 869.104
916.21 867.099
915.786 865.115
915.386 863.132
915.065 861.12
914.856 859.106
914.744 857.096
914.734 855.092
914.726 853.077
914.808 851.069
915.07 849.065
915.493 847.07
915.657 845.055
915.673 843.03
915.626 841.004
915.345 838.995
914.969 837.007
914.678 835.009
914.726 832.985
915.688 831.216
917.348 830.054
919.318 829.52
921.319 829.088
923.342 828.737
925.38 828.442
927.403 828.042
929.409 827.503
931.399 826.86
933.395 826.231
935.408 825.701
937.466 825.42
939.524 825.145
941.499 824.398
943.478 823.672
945.549 823.252
947.419 822.256
949.282 821.282
951.085 820.143
952.547 818.658
953.722 816.934
954.319 814.917
954.986 812.905
955.835 810.987
956.799 809.116
957.888 807.293
958.858 805.415
959.412 803.415
959.494 801.312
959.503 799.223
959.499 797.134
959.5 795.069
959.562 793.005
959.808 790.941
960.112 788.879
960.422 786.812
960.545 784.732
960.573 782.654
960.545 780.577
960.48 778.509
960.411 776.448
960.341 774.388
960.297 772.33
960.399 770.276
960.537 768.223
960.624 766.187
960.732 764.158
960.99 762.139
961.468 760.153
961.944 758.169
962.328 756.175
962.626 754.162
962.759 752.134
962.788 750.109
962.92 748.087
963.134 746.055
963.409 744.027
963.758 742.027
964.171 740.032
964.592 738.03
965.035 736.034
965.482 734.062
965.675 732.051
965.832 730.028
966.149 728.03
966.485 726.041
966.697 724.032
966.934 722.015
967.159 720.006
967.319 717.979
967.426 715.964
967.487 713.951
967.51 711.918
967.503 709.885
967.505 707.852
967.496 705.819
967.35 703.793
966.981 701.804
966.667 699.801
966.453 697.785
966.158 695.786
965.629 693.801
965.4 691.778
965.159 689.76
964.765 687.752
964.364 685.734
964.022 683.709
963.673 681.678
963.288 679.651
962.739 677.651
962.201 675.667
961.77 673.677
961.44 671.653
960.97 669.671
960.667 667.653
960.326 665.629
959.821 663.649
959.504 661.643
959.208 659.639
958.589 657.704
957.955 655.762
957.406 653.809
957.088 651.808
956.769 649.8
956.466 647.782
956.121 645.772
955.82 643.761
955.56 641.74
955.316 639.712
954.958 637.69
954.533 635.678
954.077 633.678
953.656 631.681
953.355 629.663
953.028 627.635
952.304 625.663
951.933 623.619
952.207 621.563
952.527 619.498
952.901 617.449
953.506 615.456
954.01 613.415
954.411 611.354
954.673 609.266
954.874 607.168
955.607 605.22
956.81 603.449
957.878 601.637
959.047 599.87
959.895 597.955
961.256 596.327
962.236 594.496
962.879 592.513
963.703 590.581
964.402 588.602
964.876 586.555
965.134 584.471
965.126 582.365
964.899 580.267
964.63 578.174
964.424 576.077
964.205 573.964
963.865 571.869
963.468 569.783
962.96 567.719
962.479 565.679
961.942 563.661
961.359 561.638
960.693 559.63
960.075 557.618
959.573 555.583
958.932 553.581
958.281 551.577
957.594 549.584
956.98 547.589
956.277 545.614
955.7 543.597
955.141 541.571
954.345 539.624
953.638 537.669
953.078 535.668
952.395 533.69
951.712 531.721
951.051 529.751
950.39 527.767
949.653 525.818
949.12 523.819
948.441 521.867
947.822 519.903
947.302 517.919
946.605 515.994
945.938 514.063
945.586 512.058
945.427 510.021
945.401 507.974
945.364 505.923
945.266 503.871
945.192 501.824
945.458 499.792
945.95 497.789
946.565 495.805
947.181 493.836
947.485 491.796
947.729 489.743
947.964 487.68
948.137 485.61
948.038 483.54
947.738 481.48
947.469 479.407
947.308 477.339
947.062 475.261
946.702 473.194
946.348 471.126
945.978 469.029
945.672 466.935
945.429 464.822
944.829 462.761
944.172 460.7
943.667 458.622
943.517 456.466
943.347 454.289
942.657 452.204
941.865 450.14
941.589 447.978
941.323 445.801
940.752 443.686
939.826 441.671
938.766 439.713
937.674 437.791
936.595 435.907
935.008 434.41
933.202 433.162
931.562 431.72
930.361 429.866
929.095 428.102
927.395 426.706
925.606 425.431
924.166 423.739
922.478 422.318
920.683 421.056
919.191 419.403
917.948 417.549
916.793 415.643
915.238 414.035
913.471 412.659
911.951 411.013
910.692 409.193
909.44 407.339
908.316 405.364
907.017 403.51
905.725 401.651
904.435 399.765
902.991 398.026
901.263 396.594
899.385 395.316
897.542 394.004
896.016 392.389
895.301 390.299
895.336 388.045
895.579 385.812
895.603 383.547
895.558 381.29
895.81 379.088
897.174 377.253
898.285 375.284
899.283 373.251
900.215 371.187
900.869 369.028
901.759 366.94
902.413 364.78
902.96 362.576
903.629 360.423
904.692 358.432
905.613 356.39
906.571 354.368
907.551 352.357
908.997 350.642
910.169 348.741
911.567 346.995
913.067 345.32
914.58 343.67
916.355 342.313
918.212 341.093
919.948 339.644
921.919 338.467
923.741 337.108
925.311 335.386
927.106 333.953
929.066 332.805
930.954 331.549
932.89 330.383
934.975 329.467
936.905 328.318
938.749 327.036
940.5 325.634
942.154 324.112
943.764 322.513
945.585 321.133
947.29 319.601
948.777 317.865
950.381 316.273
952.091 314.772
954.077 313.574
955.646 311.889
957.117 310.158
958.322 308.287
959.715 306.532
961.102 304.778
962.255 302.901
963.426 300.993
964.591 299.097
965.669 297.15
966.962 295.309
967.58 293.178
968.066 291.038
968.672 288.926
969.253 286.818
969.811 284.7
970.566 282.647
971.123 280.569
971.654 278.484
972.139 276.389
972.632 274.295
973.123 272.212
973.58 270.127
973.898 268.017
974.302 265.911
974.513 263.789
974.548 261.691
974.624 259.604
974.783 257.529
975.122 255.476
975.4 253.407
975.477 251.334
975.508 249.272
975.61 247.221
975.768 245.162
976.044 243.096
976.302 241.016
976.449 238.927
976.388 236.836
976.113 234.759
975.814 232.695
975.624 230.629
975.541 228.548
975.465 226.463
975.349 224.376
975.066 222.301
974.821 220.214
974.655 218.11
974.501 215.996
974.073 213.914
973.53 211.853
972.883 209.822
972.524 207.723
972.127 205.62
971.477 203.596
970.624 201.625
969.79 199.623
969.332 197.517
968.836 195.4
967.9 193.391
967.136 191.334
965.887 189.461
965.202 187.363
964.369 185.303
963.301 183.332
962.523 181.236
961.813 179.116
960.98 177.043
959.809 175.081
958.869 172.986
957.533 171.115
956.022 169.36
954.574 167.536
953.319 165.583
951.938 163.733
950.613 161.843
949 160.229
947.134 158.858
945.249 157.547
943.306 156.278
942.399 155.54
941.491 154.802
939.709 153.326
937.878 151.908
935.841 150.826
933.938 149.546
931.953 148.469
930.018 147.271
927.993 146.265
925.959 145.321
923.932 144.427
921.905 143.5
919.896 142.582
917.874 141.722
915.766 141.135
913.655 140.634
911.524 140.439
909.387 140.335
907.251 140.205
905.118 140.003
903.011 139.59
900.892 139.443
898.772 139.434
896.66 139.439
894.555 139.438
892.457 139.433
890.366 139.438
888.289 139.577
886.249 140.009
884.19 140.202
882.132 140.298
880.082 140.334
878.037 140.322
875.998 140.341
873.961 140.374
871.943 140.552
869.968 141.132
867.963 141.47
865.959 141.787
864.002 142.366
862.037 142.91
860.039 143.259
858.022 143.382
856.008 143.329
854.005 143.053
852.121 142.19
850.148 141.736
848.134 141.562
846.139 141.317
844.135 141.031
842.131 140.607
840.103 140.245
838.08 139.926
836.045 139.672
834.007 139.419
831.971 139.136
829.98 138.713
827.994 138.298
825.999 137.927
823.988 137.616
822.021 137.153
820.134 136.368
818.219 135.671
816.19 135.481
814.16 135.431
812.155 135.243
810.196 134.726
808.209 134.261
806.23 133.808
804.241 133.429
802.274 132.954
800.292 132.598
798.269 132.33
796.268 131.899
794.273 131.511
792.263 131.253
790.272 130.88
788.276 130.508
786.296 130.09
784.311 129.714
782.305 129.454
780.283 129.29
778.274 129.009
776.29 128.509
774.282 128.232
772.27 128.021
770.261 127.821
768.242 127.653
766.236 127.438
764.223 127.315
762.205 127.092
760.183 126.793
758.166 126.546
756.14 126.408
754.111 126.288
752.087 126.1
750.091 125.763
748.085 125.62
746.08 125.583
744.078 125.543
742.098 125.42
740.106 125.298
738.106 125.065
736.109 124.762
734.113 124.531
732.105 124.506
730.097 124.51
728.089 124.499
726.08 124.473
724.07 124.469
722.059 124.468
720.05 124.428
718.048 124.327
716.044 124.289
714.032 124.248
712.016 124.227
710.004 124.261
707.995 124.282
705.983 124.27
703.971 124.229
701.951 124.129
699.929 124.159
697.912 124.204
695.9 124.204
693.904 124.096
691.908 123.938
689.902 123.739
687.882 123.655
685.864 123.737
683.85 123.879
681.846 124.044
679.844 124.195
677.844 124.355
675.842 124.403
673.844 124.431
671.85 124.454
669.82 124.494
667.794 124.558
665.775 124.681
663.771 125.03
661.793 125.404
659.785 125.485
657.77 125.498
655.751 125.528
653.743 125.599
651.731 125.713
649.719 125.958
647.756 126.547
645.787 127.071
643.774 127.303
641.756 127.405
639.749 127.484
637.734 127.673
635.738 128.06
633.736 128.395
631.723 128.561
629.682 128.771
627.65 129.015
625.638 129.217
623.639 129.387
621.631 129.513
619.608 129.633
617.589 129.846
615.589 130.196
613.59 130.57
611.59 130.939
609.592 131.276
607.592 131.518
605.578 131.794
603.575 132.143
601.561 132.434
599.535 132.683
597.542 133.075
595.543 133.49
593.541 133.893
591.568 134.382
589.563 134.857
587.559 135.278
585.523 135.487
583.484 135.744
581.524 136.351
579.58 137.062
577.586 137.583
575.616 138.182
573.633 138.759
571.633 139.29
569.62 139.799
567.6 140.257
565.573 140.584
563.581 141.057
561.588 141.573
559.6 142.156
557.59 142.69
555.588 143.219
553.544 143.532
551.503 143.91
549.52 144.505
547.549 145.163
545.521 145.599
543.477 145.971
541.419 146.342
539.37 146.743
537.326 147.163
535.265 147.501
533.242 148.066
531.28 148.826
529.281 149.394
527.254 149.885
525.383 150.92
523.381 151.552
521.364 152.171
519.369 152.842
517.351 153.457
515.323 154.014
513.319 154.688
511.316 155.368
509.312 156.068
507.327 156.834
505.3 157.404
503.277 157.991
501.407 159.108
499.332 159.656
497.387 160.56
495.424 161.344
493.407 162.011
491.455 162.837
489.538 163.738
487.641 164.745
485.717 165.63
483.788 166.483
481.827 167.305
479.728 167.763
477.908 168.916
475.98 169.721
474.063 170.527
472.089 171.208
470.038 171.669
468.045 172.319
466.04 172.893
464.021 173.402
462.032 174.039
459.978 174.387
457.889 174.497
455.789 174.435
453.712 174.401
451.635 174.392
449.561 174.463
447.501 174.717
445.437 175.157
443.345 175.352
441.249 175.437
439.162 175.599
437.065 175.845
434.991 176.214
432.906 176.578
430.858 177.172
428.736 177.508
426.604 177.779
424.477 178.169
422.376 178.714
420.334 179.442
418.356 180.327
416.382 181.244
414.421 182.146
412.675 183.441
410.876 184.69
409.108 185.963
407.637 187.6
406.41 189.406
405.561 191.422
404.803 193.476
403.856 195.44
402.871 197.378
401.902 199.335
400.949 201.255
399.834 203.135
399.489 205.286
399.185 207.434
398.271 209.413
397.717 211.479
397.44 213.601
396.929 215.682
396.236 217.714
395.67 219.78
395.449 221.894
395.222 223.993
394.892 226.074
394.542 228.158
394.246 230.246
393.976 232.323
393.744 234.392
393.573 236.463
393.503 238.526
393.499 240.581
393.503 242.633
393.503 244.68
393.462 246.722
393.336 248.739
393.261 250.753
393.169 252.782
392.99 254.818
392.613 256.835
392.399 258.862
392.365 260.893
392.45 262.931
392.492 264.962
392.493 266.99
392.491 269.017
392.555 271.042
392.816 273.079
393.02 275.113
393.202 277.123
393.356 279.117
393.484 281.126
393.503 283.14
393.503 285.155
393.5 287.171
393.517 289.19
393.634 291.215
393.853 293.235
394.103 295.249
394.252 297.277
394.297 299.317
394.362 301.361
394.576 303.4
394.903 305.418
395.206 307.437
395.46 309.47
395.754 311.502
396.127 313.506
396.371 315.527
396.501 317.568
396.674 319.62
396.985 321.674
397.271 323.706
397.454 325.743
397.781 327.776
398.265 329.791
398.802 331.801
399.285 333.816
399.573 335.861
399.999 337.908
400.615 339.948
401.143 341.986
401.587 344.022
402.381 345.964
403.345 347.835
404.253 349.736
405.17 351.662
405.911 353.636
406.845 355.565
407.404 357.64
407.935 359.71
408.875 361.665
409.589 363.686
410.572 365.606
411.579 367.532
412.3 369.553
413.035 371.572
413.826 373.568
414.845 375.477
415.485 377.522
415.989 379.63
417.005 381.548
417.699 383.556
418.527 385.531
419.416 387.477
420.325 389.417
421.148 391.405
421.839 393.437
423.015 395.264
423.599 397.307
424.285 399.324
425.27 401.232
425.874 403.253
426.641 405.212
427.518 407.135
428.361 409.041
428.894 411.045
429.527 413.028
430.198 415
431.19 416.828
431.949 418.72
432.968 420.542
433.278 422.543
433.32 424.578
433.318 426.615
433.316 428.65
433.314 430.682
433.297 432.718
433.263 434.757
433.213 436.801
433.034 438.837
432.613 440.833
432.275 442.833
431.991 444.831
431.863 446.854
431.622 448.873
431.5 450.89
431.421 452.904
431.382 454.928
431.408 456.946
431.416 458.961
431.415 460.977
431.386 462.992
431.301 465.012
431.143 467.018
430.673 468.98
430.176 470.95
429.563 472.879
429.35 474.891
429.158 476.912
428.887 478.926
428.574 480.941
428.17 482.94
427.725 484.924
427.486 486.94
427.282 488.956
426.92 490.954
426.484 492.94
426.029 494.929
425.579 496.915
425.385 498.936
425.253 500.962
424.974 502.96
424.541 504.927
424.374 506.938
424.188 508.946
423.855 510.934
423.487 512.922
423.383 514.934
423.224 516.942
422.916 518.957
422.586 520.936
422.339 522.931
422.241 524.941
422.131 526.943
421.842 528.929
421.692 530.933
421.559 532.939
421.423 534.949
421.303 536.954
421.286 538.96
421.288 540.967
421.285 542.973
421.278 544.977
421.276 546.98
421.276 548.984
421.276 550.987
421.276 552.989
421.275 554.992
421.275 556.994
421.294 558.996
421.367 561.017
421.5 563.031
421.709 565.038
421.987 567.041
422.322 569.023
422.497 571.028
422.711 573.031
422.99 575.027
423.227 577.032
423.335 579.051
423.411 581.073
423.47 583.095
423.528 585.102
423.593 587.111
423.68 589.125
423.778 591.142
423.952 593.14
424.342 595.123
424.648 597.125
424.895 599.133
425.194 601.131
425.33 603.137
425.356 605.144
425.39 607.152
425.51 609.157
425.663 611.162
425.879 613.166
426.125 615.173
426.313 617.186
426.382 619.21
426.438 621.239
426.567 623.266
426.957 625.245
427.52 627.194
427.938 629.181
428.096 631.204
428.245 633.225
428.562 635.228
428.952 637.218
429.333 639.201
429.619 641.181
429.718 643.186
429.813 645.2
430.028 647.215
430.332 649.218
430.545 651.236
430.825 653.246
431.109 655.252
431.293 657.263
431.383 659.281
431.488 661.302
431.713 663.313
432.097 665.296
432.255 667.303
432.339 669.315
432.374 671.329
432.683 673.333
433.115 675.321
433.26 677.331
433.349 679.337
433.501 681.336
433.685 683.335
433.926 685.332
434.273 687.315
434.646 689.295
434.984 691.287
435.161 693.309
435.205 695.346
435.349 697.374
435.574 699.4
435.87 701.42
436.344 703.4
436.869 705.369
437.246 707.35
437.472 709.352
437.78 711.353
438.183 713.345
438.322 715.372
438.45 717.401
438.803 719.401
439.34 721.367
439.711 723.356
440.29 725.295
440.748 727.267
441.184 729.242
441.288 731.259
441.345 733.272
441.56 735.262
442.013 737.234
442.466 739.211
442.866 741.202
443.154 743.209
443.347 745.232
443.562 747.255
443.809 749.273
444.009 751.295
444.233 753.307
444.57 755.306
444.944 757.295
445.192 759.292
445.344 761.314
445.49 763.335
445.694 765.348
445.993 767.354
446.335 769.359
446.487 771.388
446.688 773.424
447.392 775.333
448.03 777.246
448.176 779.276
448.369 781.273
448.785 783.253
449.161 785.25
449.256 787.279
449.302 789.308
449.426 791.333
449.676 793.345
449.956 795.365
450.308 797.378
450.664 799.386
451.03 801.396
451.3 803.43
451.555 805.468
451.874 807.493
452.265 809.501
452.631 811.52
453.006 813.541
453.378 815.555
453.571 817.58
453.681 819.622
453.947 821.657
454.578 823.641
455.168 825.647
455.44 827.697
455.671 829.786
456.262 831.784
457.047 833.733
457.294 835.814
457.477 837.919
457.962 839.968
458.495 842.022
459.046 844.082
459.504 846.158
460.099 848.206
460.643 850.296
461.188 852.382
461.796 854.454
463.019 856.297
463.493 858.431
463.982 860.549
465.153 862.416
466.151 864.37
467.231 866.306
468.408 868.174
469.494 870.089
470.658 871.981
471.792 873.958
473.184 875.764
474.41 877.668
475.893 879.431
477.412 881.158
479.007 882.761
480.288 884.597
481.307 886.612
482.195 888.674
482.852 890.824
483.412 893.002
483.727 895.224
483.964 897.474
484.087 899.734
484.084 902.004
484.596 904.221
485.268 906.402
485.716 908.638
486.677 910.68
488.063 912.494
489.442 914.311
491.133 915.816
493.141 916.927
495.16 917.943
497.276 918.812
499.455 919.494
501.69 919.963
503.961 920.268
506.246 920.417
508.538 920.395
510.799 920.045
512.959 919.432
515.055 918.53
517.172 917.783
519.266 916.956
520.87 915.403
522.02 913.506
522.982 911.485
524.092 909.537
525.474 907.765
526.797 905.953
527.752 903.917
529.08 902.124
529.863 900.091
530.697 898.077
531.509 896.061
532.328 894.059
532.941 892.001
533.473 889.928
534.331 887.975
535.888 886.542
537.76 885.554
539.569 884.465
541.445 883.492
543.506 883.46
545.558 883.796
547.609 883.723
549.557 883.031
551.298 881.915
553.091 880.932
555.062 880.503
557.052 880.151
559.033 879.774
561.017 879.752
562.685 880.772
563.721 882.477
564.159 884.423
564.22 886.414
564.002 888.396
563.866 890.376
563.689 892.355
563.392 894.316
562.98 896.267
562.549 898.217
562.169 900.179
561.844 902.151
561.465 904.118
561.134 906.1
560.389 907.98
559.648 909.874
559.39 911.891
559.145 913.926
558.324 915.831
557.722 917.783
557.339 919.779
557.01 921.797
556.617 923.802
556.176 925.81
555.784 927.843
555.327 929.865
554.829 931.885
554.595 933.943
554.347 936
553.974 938.021
553.487 940.038
552.927 942.049
551.964 943.937
551.394 945.97
550.555 947.912
549.58 949.794
548.671 951.699
547.962 953.71
547.404 955.78
546.96 957.881
546.892 960.028
547.039 962.168
547.194 964.313
547.39 966.46
547.778 968.586
548.265 970.704
548.745 972.833
549.18 974.966
549.538 977.114
549.846 979.278
550.242 981.439
550.913 983.531
551.411 985.688
551.798 987.873
552.566 989.95
553.428 992.001
554.407 993.988
555.585 995.892
556.906 997.696
558.276 999.486
559.839 1001.12
561.713 1002.35
563.66 1003.49
565.657 1004.53
567.664 1005.6
569.767 1006.39
571.991 1006.8
574.214 1007.3
576.443 1007.55
578.691 1007.58
580.929 1007.57
583.157 1007.54
585.386 1007.34
587.609 1006.95
589.741 1006.28
591.805 1005.44
593.856 1004.52
595.887 1003.55
597.839 1002.44
599.733 1001.21
601.522 999.805
603.259 998.376
605.03 997
606.736 995.505
608.22 993.865
610.097 992.711
612.046 991.68
614.214 991.195
616.108 990.03
618.205 989.447
620.234 988.757
622.217 987.955
624.232 987.24
626.298 986.673
628.384 986.239
630.483 985.868
632.584 985.506
634.727 985.487
636.634 986.335
637.842 988.08
638.987 989.863
639.732 991.786
640.634 993.665
641.436 995.588
642.593 997.283
644.294 998.429
646.164 999.326
648.103 1000.05
650.128 1000.56
652.2 1000.58
654.237 1000.12
656.273 999.724
658.33 999.439
660.329 998.923
662.35 998.528
664.376 998.154
666.4 997.667
668.414 997.197
670.425 996.867
672.456 996.985
674.481 997.321
676.236 998.36
677.434 1000.01
678.124 1001.99
679.105 1003.86
679.713 1005.87
680.612 1007.78
681.213 1009.77
681.537 1011.84
682.226 1013.83
683.258 1015.68
684.101 1017.63
684.815 1019.62
685.372 1021.65
685.978 1023.68
687.135 1025.5
687.711 1027.51
688.269 1029.56
688.874 1031.58
689.486 1033.61
689.865 1035.68
690.297 1037.73
690.844 1039.78
691.775 1041.69
692.758 1043.57
693.481 1045.56
694.313 1047.53
695.383 1049.37
696.585 1051.12
697.715 1052.89
698.692 1054.78
699.118 1056.83
699.173 1058.93
699.145 1061.03
699.039 1063.13
698.902 1065.25
699.146 1067.35
699.672 1069.4
700.397 1071.38
701.157 1073.36
701.579 1075.43
702.167 1077.45
703.182 1079.35
703.557 1081.42
703.919 1083.51
704.733 1085.5
704.927 1087.59
704.705 1089.67
704.41 1091.75
704.156 1093.84
703.91 1095.93
703.978 1098.05
704.732 1100.06
705.325 1102.11
705.882 1104.17
706.817 1106.07
708.054 1107.82
709.306 1109.54
710.537 1111.31
711.755 1113.06
712.274 1115.1
711.428 1117.02
710.123 1118.73
709.272 1120.66
708.635 1122.67
708.141 1124.74
707.734 1126.83
707.48 1128.94
707.459 1131.06
707.69 1133.18
707.969 1135.29
708.234 1137.4
708.583 1139.49
709.147 1141.52
709.97 1143.47
711.351 1145.09
713.048 1146.41
714.364 1148.01
715.045 1149.95
714.896 1152.02
714.38 1154.05
713.742 1156.06
713.217 1158.1
712.36 1160.07
711.635 1162.07
711.261 1164.18
710.826 1166.29
710.11 1168.33
709.716 1170.45
709.58 1172.59
709.494 1174.74
709.317 1176.89
709.277 1179.06
709.293 1181.24
709.439 1183.41
709.679 1185.58
710.212 1187.69
711.206 1189.69
711.72 1191.83
712.609 1193.86
713.521 1195.86
714.626 1197.76
715.703 1199.68
716.678 1201.64
717.831 1203.46
719.387 1204.99
720.982 1206.4
722.586 1207.8
724.212 1209.18
725.89 1210.49
727.627 1211.77
729.494 1212.91
731.408 1213.9
733.216 1215.16
735.211 1216.1
737.171 1217.16
739.238 1217.95
741.28 1218.84
743.336 1219.77
745.352 1220.77
747.429 1221.64
749.565 1222.38
751.72 1223.1
753.944 1223.51
756.192 1223.77
758.458 1224.02
760.74 1223.92
762.984 1223.56
765.082 1222.72
767.049 1221.54
768.444 1219.79
769.613 1217.86
770.617 1215.81
771.48 1213.72
772.38 1211.63
773.794 1209.9
775.946 1209.53
777.536 1210.99
778.235 1213.17
779.079 1215.27
780.356 1217.13
781.814 1218.81
783.54 1220.29
785.244 1221.78
786.633 1223.59
787.794 1225.56
789.136 1227.38
790.957 1228.72

